0.100000 5.000000 
0.200000 4.800000 
0.300000 4.600000 
0.400000 4.400000 
0.500000 4.295800 
0.600000 4.198830 
0.700000 3.800000 
0.800000 3.600000 
0.900000 3.394530 
1.000000 3.200000 
1.100000 3.298140 
1.200000 3.200000 
1.300000 2.600290 
1.400000 3.000000 
1.500000 2.800000 
1.600000 1.899410 
1.700000 2.500000 
1.800000 2.300290 
1.900000 1.699710 
2.000000 2.100000 
2.100000 1.300000 
2.200000 1.100000 
2.300000 1.600000 
2.400000 1.100000 
2.500000 0.400000 
2.600000 1.100000 
2.700000 1.000000 
2.800000 0.798630 
2.900000 0.700000 
3.000000 0.437540 
3.100000 0.300000 
3.200000 0.200000 
3.300000 5.000000 
3.400000 4.800000 
3.500000 4.600000 
3.600000 4.400000 
3.700000 4.112120 
3.800000 4.000000 
3.900000 3.800000 
4.000000 3.800000 
4.100000 3.600680 
4.200000 3.199900 
4.300000 3.000000 
4.400000 3.300000 
4.500000 2.600000 
4.600000 2.700000 
4.700000 2.204300 
4.800000 2.000000 
4.900000 2.500000 
5.000000 1.594130 
5.100000 1.400000 
5.200000 2.099710 
5.300000 1.900000 
5.400000 1.299710 
5.500000 1.600000 
5.600000 1.400000 
5.700000 1.098630 
5.800000 1.100000 
5.900000 0.900000 
6.000000 0.799710 
6.100000 0.700000 
6.200000 0.500000 
6.300000 0.099710 
6.400000 0.200000 
6.500000 4.899900 
6.600000 4.800000 
6.700000 4.600000 
6.800000 4.437540 
6.900000 4.199900 
7.000000 4.100000 
7.100000 3.837440 
7.200000 3.600000 
7.300000 3.399710 
7.400000 3.100000 
7.500000 3.343010 
7.600000 3.000000 
7.700000 2.599900 
7.800000 2.999710 
7.900000 2.800000 
8.000000 1.999320 
8.100000 2.500000 
8.200000 2.300000 
8.300000 1.698530 
8.400000 2.037150 
8.500000 1.300000 
8.600000 1.100000 
8.700000 1.600000 
8.800000 1.100000 
8.900000 0.400000 
9.000000 1.100000 
9.100000 1.000000 
9.200000 0.799410 
9.300000 0.700000 
9.400000 0.443010 
9.500000 0.300000 
9.600000 0.200000 
9.700000 5.000000 
9.800000 4.800000 
9.900000 4.600000 
10.000000 4.400000 
10.100000 4.237240 
10.200000 4.000000 
10.300000 3.807820 
10.400000 3.700000 
10.500000 3.600290 
10.600000 3.198530 
10.700000 3.000000 
10.800000 3.237540 
10.900000 2.671950 
11.000000 2.700000 
11.100000 2.199410 
11.200000 2.000000 
11.300000 2.500000 
11.400000 1.598530 
11.500000 1.400000 
11.600000 2.100000 
11.700000 1.900000 
11.800000 1.299410 
11.900000 1.600000 
12.000000 1.400000 
12.100000 1.099120 
12.200000 1.100000 
12.300000 0.900000 
12.400000 0.799320 
12.500000 0.700000 
12.600000 0.500000 
12.700000 0.061780 
12.800000 0.200000 
12.900000 4.899900 
13.000000 4.800000 
13.100000 4.600000 
13.200000 4.400000 
13.300000 4.200000 
13.400000 4.137540 
13.500000 3.800000 
13.600000 3.600000 
13.700000 3.299900 
13.800000 3.200000 
13.900000 3.371950 
14.000000 3.000000 
14.100000 2.600000 
14.200000 3.000000 
14.300000 2.800000 
14.400000 1.999800 
14.500000 2.500000 
14.600000 2.362460 
14.700000 1.699900 
14.800000 2.000290 
14.900000 1.300000 
15.000000 1.100000 
15.100000 1.600000 
15.200000 1.100000 
15.300000 0.400000 
15.400000 1.100000 
15.500000 1.000000 
15.600000 0.799900 
15.700000 0.700000 
15.800000 0.500000 
15.900000 0.395800 
16.000000 0.200000 
16.100000 5.000000 
16.200000 4.800000 
16.300000 4.500000 
16.400000 4.400000 
16.500000 4.100000 
16.600000 3.900000 
16.700000 3.800000 
16.800000 3.500000 
16.900000 3.700680 
17.000000 3.099610 
17.100000 3.058260 
17.200000 3.300000 
17.300000 2.637540 
17.400000 2.637540 
17.500000 2.099900 
17.600000 2.000000 
17.700000 2.500000 
17.800000 1.599710 
17.900000 1.400000 
18.000000 2.100000 
18.100000 1.900000 
18.200000 1.298340 
18.300000 1.600000 
18.400000 1.400000 
18.500000 1.099710 
18.600000 1.100000 
18.700000 0.900000 
18.800000 0.799710 
18.900000 0.700000 
19.000000 0.500000 
19.100000 0.059430 
19.200000 0.200000 
19.300000 4.899900 
19.400000 4.800000 
19.500000 4.600000 
19.600000 4.400590 
19.700000 4.237540 
19.800000 4.198830 
19.900000 3.799900 
20.000000 3.600000 
20.100000 3.399120 
20.200000 3.100000 
20.300000 3.400000 
20.400000 3.000590 
20.500000 2.600000 
20.600000 3.000000 
20.700000 2.800000 
20.800000 1.999900 
20.900000 2.500000 
21.000000 2.362460 
21.100000 1.699410 
21.200000 2.012120 
21.300000 1.300000 
21.400000 1.100000 
21.500000 1.600000 
21.600000 1.100000 
21.700000 0.400000 
21.800000 1.100000 
21.900000 1.000000 
22.000000 0.799710 
22.100000 0.700000 
22.200000 0.500000 
22.300000 0.300000 
22.400000 0.200000 
22.500000 5.000000 
22.600000 4.800000 
22.700000 4.600000 
22.800000 4.400000 
22.900000 4.170580 
23.000000 4.000000 
23.100000 3.800000 
23.200000 3.800000 
23.300000 3.700000 
23.400000 3.198830 
23.500000 3.058260 
23.600000 3.300000 
23.700000 2.637540 
23.800000 2.637540 
23.900000 2.099410 
24.000000 2.000000 
24.100000 2.499900 
24.200000 1.599710 
24.300000 1.400000 
24.400000 2.100000 
24.500000 1.900000 
24.600000 1.299710 
24.700000 1.600000 
24.800000 1.400000 
24.900000 1.100000 
25.000000 1.100000 
25.100000 0.900000 
25.200000 0.799410 
25.300000 0.700000 
25.400000 0.500000 
25.500000 0.059430 
25.600000 0.200000 
25.700000 4.999320 
25.800000 4.800000 
25.900000 4.600000 
26.000000 4.400000 
26.100000 4.271940 
26.200000 4.100000 
26.300000 3.837440 
26.400000 3.600000 
26.500000 3.399410 
26.600000 3.200000 
26.700000 3.399410 
26.800000 3.000000 
26.900000 2.600000 
27.000000 3.000000 
27.100000 2.800000 
27.200000 1.999710 
27.300000 2.500000 
27.400000 2.337540 
27.500000 1.699320 
27.600000 2.000000 
27.700000 1.300000 
27.800000 1.100000 
27.900000 1.600000 
28.000000 1.100000 
28.100000 0.400000 
28.200000 1.100000 
28.300000 1.000000 
28.400000 0.799710 
28.500000 0.700000 
28.600000 0.500000 
28.700000 0.300000 
28.800000 0.200000 
28.900000 5.000000 
29.000000 4.800000 
29.100000 4.500000 
29.200000 4.399900 
29.300000 4.111140 
29.400000 4.000000 
29.500000 3.800000 
29.600000 3.600000 
29.700000 3.700680 
29.800000 3.142720 
29.900000 3.000000 
30.000000 3.300000 
30.100000 2.600000 
30.200000 2.612320 
30.300000 2.099320 
30.400000 2.000000 
30.500000 2.500000 
30.600000 1.599710 
30.700000 1.400000 
30.800000 2.062460 
30.900000 1.900000 
31.000000 1.300000 
31.100000 1.600000 
31.200000 1.400000 
31.300000 1.099410 
31.400000 1.100000 
31.500000 0.900000 
31.600000 0.799710 
31.700000 0.662460 
31.800000 0.500000 
31.900000 0.000000 
32.000000 0.200000 
32.100000 4.999710 
32.200000 4.800000 
32.300000 4.600000 
32.400000 4.400000 
32.500000 4.262370 
32.600000 4.100000 
32.700000 3.800000 
32.800000 3.600000 
32.900000 3.399900 
33.000000 3.200000 
33.100000 3.399120 
33.200000 3.000590 
33.300000 2.600000 
33.400000 3.000000 
33.500000 2.800000 
33.600000 1.995800 
33.700000 2.500000 
33.800000 2.362460 
33.900000 1.699320 
34.000000 2.000000 
34.100000 1.300000 
34.200000 1.100000 
34.300000 1.600000 
34.400000 1.100000 
34.500000 0.400000 
34.600000 1.100000 
34.700000 1.000000 
34.800000 0.798920 
34.900000 0.700000 
35.000000 0.499900 
35.100000 0.362370 
35.200000 0.199900 
35.300000 5.000000 
35.400000 4.800000 
35.500000 4.512120 
35.600000 4.400000 
35.700000 4.241540 
35.800000 4.000000 
35.900000 3.800000 
36.000000 3.600000 
36.100000 3.700680 
36.200000 3.142720 
36.300000 3.000000 
36.400000 3.300000 
36.500000 2.600000 
36.600000 2.612120 
36.700000 2.099710 
36.800000 2.000000 
36.900000 2.500000 
37.000000 1.599710 
37.100000 1.400000 
37.200000 2.062460 
37.300000 1.900000 
37.400000 1.299710 
37.500000 1.600000 
37.600000 1.400000 
37.700000 1.099900 
37.800000 1.100000 
37.900000 0.900000 
38.000000 0.797850 
38.100000 0.662460 
38.200000 0.500000 
38.300000 0.000000 
38.400000 0.200000 
38.500000 4.999900 
38.600000 4.800000 
38.700000 4.600000 
38.800000 4.400000 
38.900000 4.262370 
39.000000 4.100000 
39.100000 3.799610 
39.200000 3.600000 
39.300000 3.399900 
39.400000 3.200000 
39.500000 3.398530 
39.600000 3.000100 
39.700000 2.600000 
39.800000 3.000000 
39.900000 2.800680 
40.000000 1.998530 
40.100000 2.500000 
40.200000 2.362460 
40.300000 1.699900 
40.400000 2.000000 
40.500000 1.300000 
40.600000 1.100000 
40.700000 1.600000 
40.800000 1.100000 
40.900000 0.400000 
41.000000 1.100000 
41.100000 1.000000 
41.200000 0.798830 
41.300000 0.700000 
41.400000 0.500000 
41.500000 0.300000 
41.600000 0.200000 
41.700000 5.000000 
41.800000 4.800000 
41.900000 4.600000 
42.000000 4.400000 
42.100000 4.237440 
42.200000 3.900000 
42.300000 3.800000 
42.400000 3.600000 
42.500000 3.700100 
42.600000 3.142720 
42.700000 3.000000 
42.800000 3.300000 
42.900000 2.512120 
43.000000 2.612120 
43.100000 2.099900 
43.200000 2.000000 
43.300000 2.500000 
43.400000 1.599900 
43.500000 1.400000 
43.600000 2.062460 
43.700000 1.900000 
43.800000 1.299710 
43.900000 1.600000 
44.000000 1.400000 
44.100000 1.099710 
44.200000 1.100000 
44.300000 0.900000 
44.400000 0.798530 
44.500000 0.662460 
44.600000 0.500000 
44.700000 0.000000 
44.800000 0.200000 
44.900000 4.999710 
45.000000 4.800000 
45.100000 4.600000 
45.200000 4.400000 
45.300000 4.200000 
45.400000 4.137540 
45.500000 3.800000 
45.600000 3.600290 
45.700000 3.400000 
45.800000 3.200000 
45.900000 3.399410 
46.000000 3.000000 
46.100000 2.600000 
46.200000 3.000000 
46.300000 2.800000 
46.400000 1.997750 
46.500000 2.500000 
46.600000 2.362460 
46.700000 1.699900 
46.800000 2.000000 
46.900000 1.300000 
47.000000 1.100000 
47.100000 1.600000 
47.200000 1.100000 
47.300000 0.400000 
47.400000 1.100000 
47.500000 1.000000 
47.600000 0.799900 
47.700000 0.700000 
47.800000 0.499900 
47.900000 0.336850 
48.000000 0.200000 
48.100000 5.000000 
48.200000 4.800000 
48.300000 4.500000 
48.400000 4.400000 
48.500000 4.237440 
48.600000 4.000000 
48.700000 3.799800 
48.800000 3.600000 
48.900000 3.700000 
49.000000 3.194720 
49.100000 3.000000 
49.200000 3.300000 
49.300000 2.512120 
49.400000 2.612120 
49.500000 2.099320 
49.600000 2.000000 
49.700000 2.500000 
49.800000 1.599900 
49.900000 1.400000 
50.000000 2.062460 
50.100000 1.900000 
50.200000 1.298340 
50.300000 1.600000 
50.400000 1.400000 
50.500000 1.099710 
50.600000 1.100000 
50.700000 0.900000 
50.800000 0.799900 
50.900000 0.662460 
51.000000 0.500000 
51.100000 0.000000 
51.200000 0.200000 
51.300000 4.999320 
51.400000 4.800000 
51.500000 4.600000 
51.600000 4.400000 
51.700000 4.199900 
51.800000 4.200000 
51.900000 3.800000 
52.000000 3.600000 
52.100000 3.395410 
52.200000 3.200000 
52.300000 3.299320 
52.400000 3.200000 
52.500000 2.600290 
52.600000 2.999900 
52.700000 2.800000 
52.800000 2.000000 
52.900000 2.500000 
53.000000 2.337540 
53.100000 1.699900 
53.200000 2.000000 
53.300000 1.300000 
53.400000 1.100000 
53.500000 1.600000 
53.600000 1.100000 
53.700000 0.400000 
53.800000 1.100000 
53.900000 1.000000 
54.000000 0.760610 
54.100000 0.637540 
54.200000 0.500000 
54.300000 0.362170 
54.400000 0.200000 
54.500000 5.000000 
54.600000 4.800000 
54.700000 4.543010 
54.800000 4.400000 
54.900000 4.111440 
55.000000 3.900000 
55.100000 3.800000 
55.200000 3.800680 
55.300000 3.700000 
55.400000 3.199900 
55.500000 3.000000 
55.600000 3.200000 
55.700000 2.600000 
55.800000 2.600000 
55.900000 2.197850 
56.000000 2.000000 
56.100000 2.471950 
56.200000 1.600000 
56.300000 1.400000 
56.400000 2.000200 
56.500000 1.900000 
56.600000 1.299710 
56.700000 1.600000 
56.800000 1.400000 
56.900000 1.099710 
57.000000 1.100000 
57.100000 0.900000 
57.200000 0.760310 
57.300000 0.612120 
57.400000 0.500000 
57.500000 0.000000 
57.600000 0.200000 
57.700000 4.999900 
57.800000 4.800000 
57.900000 4.600000 
58.000000 4.400000 
58.100000 4.112120 
58.200000 4.143010 
58.300000 3.800000 
58.400000 3.600000 
58.500000 3.395500 
58.600000 3.200000 
58.700000 3.298140 
58.800000 3.200000 
58.900000 2.600290 
59.000000 3.000000 
59.100000 2.800000 
59.200000 1.998340 
59.300000 2.500000 
59.400000 2.337540 
59.500000 1.699410 
59.600000 2.000000 
59.700000 1.300000 
59.800000 1.100000 
59.900000 1.599900 
60.000000 1.100000 
