1.000000 4.997650 
2.000000 4.810170 
3.000000 4.600000 
4.000000 4.446920 
5.000000 4.210260 
6.000000 4.000000 
7.000000 4.002350 
8.000000 3.610260 
9.000000 3.400000 
10.000000 3.700000 
11.000000 3.074190 
12.000000 2.788860 
13.000000 3.161880 
14.000000 3.100000 
15.000000 2.100000 
16.000000 1.975370 
17.000000 2.600000 
18.000000 1.900000 
19.000000 1.400000 
20.000000 2.199120 
21.000000 2.000000 
22.000000 0.800000 
23.000000 1.775070 
24.000000 1.500000 
25.000000 1.000000 
26.000000 1.000000 
27.000000 1.102350 
28.000000 0.900000 
29.000000 0.000000 
30.000000 0.700000 
31.000000 0.428450 
32.000000 0.021700 
33.000000 0.800000 
34.000000 4.700000 
35.000000 4.600000 
36.000000 4.300000 
37.000000 4.100000 
38.000000 4.000000 
39.000000 4.000000 
40.000000 3.500000 
41.000000 3.400000 
42.000000 3.700000 
43.000000 2.990810 
44.000000 2.799900 
45.000000 3.199120 
46.000000 3.100000 
47.000000 2.100000 
48.000000 1.921600 
49.000000 2.600000 
50.000000 1.900000 
51.000000 1.400000 
52.000000 2.199900 
53.000000 2.000000 
54.000000 0.800000 
55.000000 1.746920 
56.000000 1.528450 
57.000000 1.000000 
58.000000 1.000000 
59.000000 1.100000 
60.000000 0.900000 
