1.000000 5.000000 
2.000000 5.000000 
3.000000 4.900000 
4.000000 4.900000 
5.000000 4.800000 
6.000000 4.775070 
7.000000 4.699320 
8.000000 4.700000 
9.000000 4.600000 
10.000000 4.501560 
11.000000 4.428740 
12.000000 4.462170 
13.000000 4.399900 
14.000000 4.298530 
15.000000 4.300000 
16.000000 4.200000 
17.000000 4.198440 
18.000000 4.099120 
19.000000 4.100000 
20.000000 4.188760 
21.000000 3.997650 
22.000000 3.946920 
23.000000 4.100000 
24.000000 3.861490 
25.000000 3.798630 
26.000000 3.762170 
27.000000 3.770970 
28.000000 3.598340 
29.000000 3.500000 
30.000000 3.800000 
31.000000 3.499410 
32.000000 3.499610 
33.000000 3.602830 
34.000000 3.328740 
35.000000 3.300000 
36.000000 3.600000 
37.000000 3.200000 
38.000000 3.102350 
39.000000 3.500000 
40.000000 3.000000 
41.000000 2.999900 
42.000000 3.388760 
43.000000 3.100000 
44.000000 2.900000 
45.000000 2.888760 
46.000000 3.200000 
47.000000 2.700000 
48.000000 2.600000 
49.000000 3.100000 
50.000000 2.499320 
51.000000 2.500000 
52.000000 3.000000 
53.000000 2.798830 
54.000000 2.321410 
55.000000 2.700000 
56.000000 2.899900 
57.000000 2.199320 
58.000000 2.188760 
59.000000 2.700000 
60.000000 2.098530 
