0.10000 2.48495 2.50000 2.50000
0.20000 2.36999 2.49990 2.21232
0.30000 1.89804 2.50000 2.07155
0.40000 2.09101 0.00000 1.90000
0.50000 1.83656 2.50000 1.70000
0.60000 1.59081 1.70000 1.59971
0.70000 1.18631 2.50000 1.30000
0.80000 -1.79531 2.50000 1.01232
0.90000 -1.79560 -2.49990 0.79814
1.00000 -1.79775 2.50000 0.70000
1.10000 -1.81691 0.50000 0.79971
1.20000 -1.84643 1.40117 0.79570
1.30000 -2.11642 2.49990 0.10000
1.40000 -2.14399 -2.50000 0.49971
1.50000 -1.94389 2.50000 0.30000
1.60000 -2.40000 -1.50000 -0.50137
1.70000 -2.40000 0.00000 -0.05699
1.80000 -2.40000 1.50000 -0.15699
1.90000 -2.40000 -2.49892 -0.90010
2.00000 -2.40000 2.50000 -0.50000
2.10000 -2.40000 -2.49932 -1.10000
2.20000 -2.40000 -1.19990 -1.40000
2.30000 -2.40000 -0.60000 -0.95699
2.40000 -2.40000 -2.49990 -1.30000
2.50000 -2.40000 2.40000 -2.00000
2.60000 -2.40000 -2.50000 -1.40029
2.70000 -2.40000 -2.30616 -1.50000
2.80000 -2.40000 -2.50000 -1.80117
2.90000 -2.40244 -2.50000 -1.80000
3.00000 -2.42121 -0.10000 -2.02845
3.10000 -2.44878 -2.50000 -2.20000
3.20000 -2.43187 -2.50000 -2.30000
3.30000 2.39912 2.50000 2.50000
3.40000 2.35816 2.50000 2.20000
3.50000 2.30166 1.50000 2.10000
3.60000 1.88563 2.50000 1.90000
3.70000 1.86979 0.10000 1.69971
3.80000 1.86862 2.49932 1.40000
3.90000 1.66139 2.50000 1.20000
4.00000 -2.40000 -1.19990 1.36246
4.10000 -2.40000 2.50000 1.20000
4.20000 -2.41007 -0.90000 0.64252
4.30000 -2.41007 2.50000 0.50000
4.40000 -2.41007 2.10000 0.79990
4.50000 -2.40000 -2.39971 0.10000
4.60000 -2.41007 2.50000 0.10000
4.70000 -2.40000 -2.49971 -0.30137
4.80000 -2.41007 2.50000 -0.60000
4.90000 -2.41007 0.00000 0.00000
5.00000 -2.40000 -2.49971 -0.90000
5.10000 -2.41007 2.50000 -1.10029
5.20000 -2.41007 -2.49971 -0.40000
5.30000 -2.40000 1.60029 -0.60000
5.40000 -2.40000 -2.10000 -1.20068
5.50000 -2.40000 -2.49971 -0.90000
5.60000 -2.40000 0.90000 -1.03783
5.70000 -2.41007 -2.49971 -1.50117
5.80000 -2.40000 0.40010 -1.40000
5.90000 -2.40000 -2.50000 -1.50000
6.00000 -2.41007 -2.49990 -1.80010
6.10000 -2.41007 -1.20000 -1.80000
6.20000 -2.40235 -2.50000 -2.00000
6.30000 -2.42121 -0.80000 -2.50000
6.40000 -2.43187 -2.50000 -2.30000
6.50000 2.46950 -2.50000 2.50000
6.60000 2.42199 2.50000 2.27155
6.70000 2.24780 2.50000 2.09971
6.80000 2.02434 0.00000 1.90000
6.90000 1.78025 2.50000 1.70000
7.00000 1.82463 1.60000 1.59853
7.10000 0.97136 2.50000 1.30000
7.20000 -1.04096 2.50000 1.09971
7.30000 -2.41007 -2.49990 0.89834
7.40000 -2.44692 2.49990 0.77155
7.50000 -2.41007 0.60000 0.89853
7.60000 -2.44692 1.20000 0.60000
7.70000 -2.44692 2.50000 0.13754
7.80000 -2.44692 -2.50000 0.50000
7.90000 -2.41007 2.50000 0.30029
8.00000 -2.44692 -1.50029 -0.60147
8.10000 -2.44692 0.00000 0.00000
8.20000 -2.44692 1.49990 -0.10000
8.30000 -2.44692 -2.50000 -0.90010
8.40000 -2.41007 2.50000 -0.50000
8.50000 -2.44673 -2.50000 -1.10000
8.60000 -2.41007 -1.20000 -1.50000
8.70000 -2.41007 -0.60000 -0.90430
8.80000 -2.44692 -2.50000 -1.30000
8.90000 -2.44692 2.39971 -2.00000
9.00000 -2.44692 -2.50000 -1.40000
9.10000 -2.41007 -2.30000 -1.50420
9.20000 -2.44692 -2.50000 -1.80010
9.30000 -2.44692 -2.50000 -1.80000
9.40000 -2.41007 -0.10000 -2.00000
9.50000 -2.44761 -2.50000 -2.20000
9.60000 -2.45748 -2.50000 -2.30000
9.70000 2.43470 2.50000 2.50000
9.80000 2.42199 2.50000 2.27155
9.90000 2.24790 1.50029 2.14282
10.00000 2.02502 2.50000 1.80000
10.10000 1.83754 0.10000 1.69990
10.20000 0.78065 2.50000 1.60000
10.30000 1.16931 2.50000 1.30000
10.40000 -1.04096 -0.69971 1.10000
10.50000 -2.41007 2.50000 1.20059
10.60000 -2.44692 -0.90000 0.69980
10.70000 -2.44692 2.50000 0.50000
10.80000 -2.44692 2.09990 0.80000
10.90000 -2.44692 -2.30000 0.14301
11.00000 -2.41007 2.50000 0.10000
11.10000 -2.41007 -2.49990 -0.30137
11.20000 -2.41007 2.50000 -0.60000
11.30000 -2.41007 0.00000 0.00000
11.40000 -2.44692 -2.50000 -0.90000
11.50000 -2.44692 2.49990 -1.10000
11.60000 -2.41007 -2.49990 -0.49971
11.70000 -2.44692 1.60000 -0.60000
11.80000 -2.44692 -2.18475 -1.20029
11.90000 -2.44692 -2.50000 -0.90000
12.00000 -2.44692 0.89990 -1.09971
12.10000 -2.41007 -2.50000 -1.50000
12.20000 -2.44692 0.40000 -1.40000
12.30000 -2.41007 -2.50000 -1.50000
12.40000 -2.41007 -2.50000 -1.80000
12.50000 -2.44692 -1.20010 -1.80000
12.60000 -2.44692 -2.50000 -2.00000
12.70000 -2.44761 -0.80000 -2.50000
12.80000 -2.45718 -2.50000 -2.30000
12.90000 2.48475 -2.50000 2.49990
13.00000 2.39736 2.50000 2.29570
13.10000 2.16149 2.50000 2.10000
13.20000 2.00538 0.03988 1.84301
13.30000 1.97791 2.50000 1.74282
13.40000 1.76667 1.60000 1.59932
13.50000 -1.45503 1.90117 1.30000
13.60000 -2.09570 2.50000 1.10000
13.70000 -2.12072 -2.49971 0.89883
13.80000 -2.44692 2.50000 0.70000
13.90000 -2.44692 0.60000 0.89932
14.00000 -2.44692 1.20000 0.60000
14.10000 -2.47195 2.49658 0.00000
14.20000 -2.44673 -2.50000 0.50000
14.30000 -2.44692 2.49990 0.30000
14.40000 -2.47195 -1.50029 -0.55728
14.50000 -2.47195 0.00000 0.00000
14.60000 -2.44692 1.49971 -0.10000
14.70000 -2.47195 -2.50000 -0.90117
14.80000 -2.47195 2.49971 -0.50000
14.90000 -2.44692 -2.50000 -1.10000
15.00000 -2.44692 -1.10616 -1.50000
15.10000 -2.44692 -0.60010 -0.90000
15.20000 -2.47195 -2.50000 -1.30000
15.30000 -2.47195 2.39677 -2.00000
15.40000 -2.44692 -2.50000 -1.40000
15.50000 -2.47195 -2.30000 -1.56246
15.60000 -2.44692 -2.50000 -1.80235
15.70000 -2.47195 -2.50000 -1.80000
15.80000 -2.47195 -0.10000 -2.00000
15.90000 -2.44780 -2.50000 -2.20000
16.00000 -2.48250 -2.50000 -2.30000
16.10000 2.46872 2.50000 2.50000
16.20000 2.41535 2.50000 2.29570
16.30000 2.16100 1.50068 2.10029
16.40000 2.00538 2.49932 1.90000
16.50000 1.84575 0.10000 1.69990
16.60000 1.66940 2.50000 1.50000
16.70000 -0.78309 2.50000 1.30000
16.80000 -0.24428 -0.40000 1.10000
16.90000 -2.12072 2.50000 1.20137
17.00000 -2.16725 -1.00000 0.69941
17.10000 -2.47195 2.49756 0.50000
17.20000 -2.47195 2.09658 0.80000
17.30000 -2.44692 -2.30000 0.17155
17.40000 -2.44692 2.49990 0.10000
17.50000 -2.44692 -2.50000 -0.30147
17.60000 -2.47195 2.49971 -0.50000
17.70000 -2.47195 -0.00323 0.00000
17.80000 -2.44692 -2.50000 -0.90000
17.90000 -2.44692 2.49971 -1.10000
18.00000 -2.47195 -2.50000 -0.43754
18.10000 -2.44692 1.60000 -0.60000
18.20000 -2.47195 -2.20342 -1.20068
18.30000 -2.44692 -2.50000 -0.90000
18.40000 -2.47195 0.89971 -1.10000
18.50000 -2.47204 -2.50000 -1.50147
18.60000 -2.44692 0.40000 -1.40000
18.70000 -2.44692 -2.50000 -1.53754
18.80000 -2.44692 -2.50000 -1.80147
18.90000 -2.47195 -1.20244 -1.89971
19.00000 -2.47195 -2.50000 -2.00000
19.10000 -2.44761 -0.76061 -2.50000
19.20000 -2.48250 -2.50000 -2.30000
19.30000 2.46862 -2.50000 2.49912
19.40000 2.41505 2.50000 2.29570
19.50000 2.16041 2.50000 2.10000
19.60000 2.09218 0.06481 1.80000
19.70000 2.00205 2.49932 1.60000
19.80000 1.76696 1.60000 1.59932
19.90000 -0.78338 2.20000 1.30000
20.00000 -2.09570 2.50000 1.10000
20.10000 -1.64291 -2.49883 0.89932
20.20000 -2.44692 2.50000 0.70000
20.30000 -2.44692 0.59990 0.90000
20.40000 -2.44692 1.20000 0.60000
20.50000 -2.47195 2.49971 0.00000
20.60000 -2.47195 -2.50000 0.50000
20.70000 -2.47195 2.49658 0.30000
20.80000 -2.47195 -1.50029 -0.55728
20.90000 -2.47195 0.00000 0.00000
21.00000 -2.44692 1.49980 -0.10000
21.10000 -2.47195 -2.50000 -0.90117
21.20000 -2.47195 2.49668 -0.50000
21.30000 -2.44692 -2.50000 -1.10000
21.40000 -2.44692 -1.10616 -1.50000
21.50000 -2.47204 -0.60244 -0.90000
21.60000 -2.47195 -2.50000 -1.30000
21.70000 -2.44692 2.39990 -2.00000
21.80000 -2.47195 -2.50000 -1.40000
21.90000 -2.47195 -2.30000 -1.49990
22.00000 -2.44692 -2.50000 -1.80147
22.10000 -2.47195 -2.50000 -1.80000
22.20000 -2.44692 -0.10000 -2.00000
22.30000 -2.44761 -2.50000 -2.20000
22.40000 -2.45699 -2.50000 -2.30000
22.50000 2.48456 2.50000 2.50000
22.60000 2.39756 2.50000 2.29570
22.70000 2.32307 1.50029 2.14301
22.80000 2.00420 2.50000 1.87155
22.90000 1.81720 0.10000 1.69853
23.00000 1.69052 2.50000 1.50000
23.10000 1.26432 2.50000 1.30000
23.20000 -2.09570 -1.09892 1.30166
23.30000 -1.64282 2.50000 1.20000
23.40000 -2.16735 -1.00000 0.69971
23.50000 -2.44692 2.49990 0.50000
23.60000 -2.44673 2.10000 0.80000
23.70000 -2.47195 -2.30000 0.13754
23.80000 -2.44692 2.49971 0.10000
23.90000 -2.47195 -2.50000 -0.33900
24.00000 -2.47195 2.49756 -0.50000
24.10000 -2.44692 -0.00029 0.00000
24.20000 -2.47195 -2.50000 -0.90000
24.30000 -2.44692 2.49990 -1.10000
24.40000 -2.44692 -2.50000 -0.40000
24.50000 -2.47195 1.60000 -0.60000
24.60000 -2.47195 -2.20323 -1.20010
24.70000 -2.47195 -2.50000 -0.90000
24.80000 -2.47195 0.89677 -1.10000
24.90000 -2.44692 -2.50000 -1.50147
25.00000 -2.47195 0.40000 -1.40000
25.10000 -2.47195 -2.50000 -1.59971
25.20000 -2.47195 -2.50000 -1.80117
25.30000 -2.44692 -1.20010 -1.80000
25.40000 -2.44692 -2.50000 -2.00000
25.50000 -2.44761 -0.76061 -2.50000
25.60000 -2.49863 -2.50000 -2.30000
25.70000 2.38240 -2.49971 2.49853
25.80000 2.33294 2.50000 2.21232
25.90000 2.12326 2.49990 2.04301
26.00000 2.10117 0.00000 1.90000
26.10000 1.83646 2.50000 1.70000
26.20000 0.62600 1.89932 1.60000
26.30000 1.23627 2.50000 1.30000
26.40000 1.43138 2.50000 1.00000
26.50000 -2.01681 -2.50000 0.89883
26.60000 -2.04418 2.50000 0.70000
26.70000 -2.10088 0.60000 0.79990
26.80000 -2.39541 1.20000 0.60000
26.90000 -2.39550 2.49697 0.00000
27.00000 -2.39541 -2.50000 0.50000
27.10000 -2.39541 2.49971 0.30010
27.20000 -2.39531 -1.50059 -0.55758
27.30000 -2.39541 0.00000 0.00000
27.40000 -2.39531 1.49697 -0.10000
27.50000 -2.39531 -2.50000 -0.90068
27.60000 -2.39541 2.49971 -0.50000
27.70000 -2.39550 -2.50000 -1.10000
27.80000 -2.39550 -1.10000 -1.50000
27.90000 -2.39531 -0.60068 -0.90000
28.00000 -2.39531 -2.50000 -1.30000
28.10000 -2.39541 2.39941 -2.00000
28.20000 -2.39570 -2.50000 -1.40000
28.30000 -2.39775 -2.30000 -1.53754
28.40000 -2.41672 -2.50000 -1.80029
28.50000 -2.44428 -2.50000 -1.80000
28.60000 -2.40850 -0.10000 -2.00000
28.70000 -2.47801 -2.50000 -2.20000
28.80000 -2.49413 -2.50000 -2.30000
28.90000 2.38221 2.50000 2.41232
29.00000 2.35093 2.50000 2.30029
29.10000 2.01906 1.50000 2.10000
29.20000 2.08944 2.50000 1.84301
29.30000 1.81339 0.10000 1.69932
29.40000 1.20088 2.50000 1.50000
29.50000 1.59208 2.50000 1.34282
29.60000 1.43167 0.20000 1.10000
29.70000 -2.01681 2.50000 1.20000
29.80000 -2.04418 -1.00000 0.69971
29.90000 -2.10078 2.50000 0.50000
30.00000 -2.39531 2.09971 0.80000
30.10000 -2.39531 -2.30000 0.13754
30.20000 -2.39541 2.49932 0.10000
30.30000 -2.39541 -2.50000 -0.30010
30.40000 -2.39541 2.49697 -0.50430
30.50000 -2.39531 -0.00068 0.00000
30.60000 -2.39541 -2.50000 -0.90000
30.70000 -2.39541 2.49941 -1.10000
30.80000 -2.39531 -2.50000 -0.40000
30.90000 -2.39531 1.60000 -0.60000
31.00000 -2.39541 -2.20068 -1.20059
31.10000 -2.39541 -2.50000 -0.90000
31.20000 -2.39531 0.89775 -1.10000
31.30000 -2.39531 -2.50000 -1.50068
31.40000 -2.39541 0.40000 -1.40000
31.50000 -2.39775 -2.50000 -1.58768
31.60000 -2.41662 -2.49990 -1.80010
31.70000 -2.44418 -1.20068 -1.88768
31.80000 -2.40850 -2.50000 -2.00000
31.90000 -2.45249 -0.70616 -2.50000
32.00000 -2.49531 -2.50000 -2.35699
32.10000 2.38729 -2.50000 2.49990
32.20000 2.35073 2.50000 2.21212
32.30000 2.12405 2.50000 2.00000
32.40000 2.08964 0.03939 1.90000
32.50000 1.83646 2.50000 1.70000
32.60000 -0.50127 2.20000 1.60000
32.70000 1.59159 2.50000 1.34282
32.80000 1.50587 2.49990 1.10000
32.90000 -2.01681 -2.49932 0.90000
33.00000 -2.04418 2.50000 0.70000
33.10000 -2.10078 0.56598 0.79932
33.20000 -2.39531 1.20000 0.60000
33.30000 -2.39541 2.49775 0.00000
33.40000 -2.39531 -2.50000 0.50000
33.50000 -2.39541 2.49932 0.30010
33.60000 -2.39531 -1.50068 -0.60068
33.70000 -2.39531 0.00000 0.00000
33.80000 -2.39541 1.49971 -0.10000
33.90000 -2.39541 -2.50000 -0.90147
34.00000 -2.39531 2.49941 -0.50000
34.10000 -2.39531 -2.50000 -1.10000
34.20000 -2.39531 -1.10059 -1.50000
34.30000 -2.39531 -0.60029 -0.90000
34.40000 -2.39531 -2.50000 -1.30000
34.50000 -2.39531 2.39941 -2.00000
34.60000 -2.39560 -2.50000 -1.40000
34.70000 -2.39785 -2.30000 -1.56246
34.80000 -2.41672 -2.50000 -1.80000
34.90000 -2.44428 -2.50000 -1.80000
35.00000 -2.40850 -0.10000 -2.00000
35.10000 -2.47801 -2.50000 -2.20000
35.20000 -2.49413 -2.50000 -2.30000
35.30000 2.38710 2.50000 2.43754
35.40000 2.35073 2.50000 2.21212
35.50000 2.12434 1.50010 2.10000
35.60000 2.10108 2.50000 1.84301
35.70000 1.83617 0.10000 1.69941
35.80000 1.79042 2.50000 1.50000
35.90000 1.49218 2.50000 1.30000
36.00000 1.43128 0.20000 1.10000
36.10000 -2.01672 2.50000 1.20029
36.20000 -2.04418 -1.00000 0.69941
36.30000 -2.10068 2.50000 0.50000
36.40000 -2.39541 2.09971 0.80000
36.50000 -2.39531 -2.30000 0.13754
36.60000 -2.39531 2.49775 0.10000
36.70000 -2.39531 -2.50000 -0.30068
36.80000 -2.39531 2.49941 -0.50010
36.90000 -2.39541 -0.00029 0.00000
37.00000 -2.39541 -2.50000 -0.90000
37.10000 -2.39541 2.49775 -1.10000
37.20000 -2.39541 -2.50000 -0.40000
37.30000 -2.39541 1.60000 -0.60000
37.40000 -2.39531 -2.20029 -1.20117
37.50000 -2.39550 -2.50000 -0.90000
37.60000 -2.39541 0.89775 -1.10000
37.70000 -2.39541 -2.50000 -1.50117
37.80000 -2.39541 0.40000 -1.40000
37.90000 -2.39775 -2.50000 -1.58768
38.00000 -2.41662 -2.49990 -1.80010
38.10000 -2.44428 -1.20039 -1.86246
38.20000 -2.40850 -2.50000 -2.00000
38.30000 -2.45230 -0.70068 -2.50000
38.40000 -2.49531 -2.50000 -2.35699
38.50000 2.38700 -2.49990 2.50000
38.60000 2.35083 2.50000 2.33754
38.70000 1.94438 2.50000 2.10000
38.80000 2.11926 0.03939 1.90000
38.90000 1.78719 2.50000 1.70000
39.00000 1.69032 1.60000 1.59853
39.10000 1.58964 2.50000 1.33744
39.20000 1.18377 2.50000 1.10000
39.30000 -2.01662 -2.50000 0.89844
39.40000 -2.04418 2.50000 0.70000
39.50000 -2.10068 0.56598 0.79892
39.60000 -2.39541 1.20000 0.60000
39.70000 -2.39531 2.49971 0.00000
39.80000 -2.39531 -2.50000 0.50000
39.90000 -2.39531 2.49697 0.30000
40.00000 -2.39531 -1.50029 -0.60029
40.10000 -2.39531 0.00000 0.00000
40.20000 -2.39541 1.49971 -0.10000
40.30000 -2.39550 -2.50000 -0.90068
40.40000 -2.39531 2.49971 -0.50000
40.50000 -2.39541 -2.50000 -1.10000
40.60000 -2.39541 -1.10000 -1.50000
40.70000 -2.39541 -0.60215 -0.90000
40.80000 -2.39550 -2.50000 -1.30000
40.90000 -2.39531 2.39932 -2.00000
41.00000 -2.39580 -2.50000 -1.40000
41.10000 -2.39785 -2.30000 -1.56246
41.20000 -2.41681 -2.50000 -1.80147
41.30000 -2.44428 -2.50000 -1.80000
41.40000 -2.40850 -0.10000 -2.00000
41.50000 -2.47781 -2.50000 -2.20000
41.60000 -2.49531 -2.50000 -2.35699
41.70000 2.38710 2.50000 2.43754
41.80000 2.35073 2.50000 2.21232
41.90000 1.94497 1.56891 2.09570
42.00000 2.11896 2.50000 1.80000
42.10000 1.84330 0.10000 1.69883
42.20000 1.84751 2.50000 1.50000
42.30000 -0.43138 2.50000 1.20000
42.40000 1.50518 0.20000 1.10000
42.50000 -2.01691 2.50000 1.20029
42.60000 -2.04418 -1.00000 0.69990
42.70000 -2.10078 2.50000 0.50000
42.80000 -2.39541 2.09775 0.80000
42.90000 -2.39541 -2.30000 0.16217
43.00000 -2.39541 2.49932 0.10000
43.10000 -2.39541 -2.50000 -0.30235
43.20000 -2.39541 2.49971 -0.50010
43.30000 -2.39541 -0.00235 0.00000
43.40000 -2.39541 -2.50000 -0.90000
43.50000 -2.39531 2.49971 -1.10000
43.60000 -2.39541 -2.50000 -0.40000
43.70000 -2.39531 1.60000 -0.60000
43.80000 -2.39541 -2.20059 -1.20029
43.90000 -2.39550 -2.50000 -0.90000
44.00000 -2.39541 0.89775 -1.10000
44.10000 -2.39541 -2.50000 -1.50147
44.20000 -2.39560 0.40000 -1.40000
44.30000 -2.39785 -2.50000 -1.59971
44.40000 -2.41652 -2.50000 -1.80225
44.50000 -2.44418 -1.20225 -1.88768
44.60000 -2.40850 -2.50000 -2.00000
44.70000 -2.45249 -0.70616 -2.50000
44.80000 -2.49531 -2.50000 -2.35699
44.90000 2.38240 -2.49932 2.50000
45.00000 2.35083 2.50000 2.33754
45.10000 1.94448 2.50000 2.10000
45.20000 2.11916 0.03939 1.90000
45.30000 1.84321 2.50000 1.70000
45.40000 1.20518 1.70000 1.60000
45.50000 1.59247 2.50000 1.34301
45.60000 1.18387 2.50000 1.10000
45.70000 -2.01662 -2.49883 0.89932
45.80000 -2.04418 2.50000 0.70000
45.90000 -2.10068 0.51535 0.79932
46.00000 -2.39541 1.20000 0.60000
46.10000 -2.39550 2.49775 0.00000
46.20000 -2.39541 -2.50000 0.50000
46.30000 -2.39550 2.49971 0.30010
46.40000 -2.39531 -1.50039 -0.60059
46.50000 -2.39541 0.00000 0.00000
46.60000 -2.39541 1.49775 -0.10000
46.70000 -2.39541 -2.50000 -0.90147
46.80000 -2.39531 2.49932 -0.50000
46.90000 -2.39541 -2.50000 -1.10000
47.00000 -2.39541 -1.10059 -1.50000
47.10000 -2.39541 -0.60068 -0.90000
47.20000 -2.39541 -2.50000 -1.30000
47.30000 -2.39541 2.39971 -2.00000
47.40000 -2.39570 -2.50000 -1.40000
47.50000 -2.39775 -2.30000 -1.53754
47.60000 -2.41662 -2.49990 -1.80000
47.70000 -2.44418 -2.50000 -1.80000
47.80000 -2.40850 -0.10000 -2.00000
47.90000 -2.45230 -2.50000 -2.16364
48.00000 -2.49413 -2.50000 -2.30000
48.10000 2.38710 2.50000 2.43754
48.20000 2.33314 2.50000 2.21212
48.30000 2.12414 1.50010 2.10000
48.40000 2.11847 2.50000 1.84301
48.50000 1.84321 0.10000 1.69971
48.60000 1.20039 2.50000 1.50000
48.70000 0.74379 2.50000 1.30000
48.80000 1.44936 0.20010 1.10000
48.90000 -2.01691 2.50000 1.20059
49.00000 -2.04409 -1.00000 0.69990
49.10000 -2.10068 2.50000 0.50000
49.20000 -2.39541 2.09932 0.80000
49.30000 -2.39550 -2.30000 0.16237
49.40000 -2.39531 2.49932 0.10000
49.50000 -2.39531 -2.50000 -0.30000
49.60000 -2.39541 2.49775 -0.50029
49.70000 -2.39531 -0.00215 0.00000
49.80000 -2.39541 -2.50000 -0.90000
49.90000 -2.39541 2.49932 -1.10000
50.00000 -2.39541 -2.50000 -0.40000
50.10000 -2.39541 1.60000 -0.60000
50.20000 -2.39541 -2.20303 -1.20010
50.30000 -2.39541 -2.50000 -0.90000
50.40000 -2.39531 0.89971 -1.10000
50.50000 -2.39541 -2.50000 -1.50156
50.60000 -2.39550 0.40000 -1.40000
50.70000 -2.39785 -2.50000 -1.59971
50.80000 -2.41672 -2.50000 -1.80000
50.90000 -2.44428 -1.20225 -1.88788
51.00000 -2.40850 -2.50000 -2.00000
51.10000 -2.45230 -0.70059 -2.50000
51.20000 -2.49531 -2.50000 -2.35699
51.30000 2.38622 -2.50000 2.49853
51.40000 2.39580 2.50000 2.30029
51.50000 2.22405 2.49971 2.00000
51.60000 2.00078 0.00000 1.90000
51.70000 1.67918 2.50000 1.70000
51.80000 0.59423 1.90000 1.60000
51.90000 -1.77185 1.80029 1.30000
52.00000 -1.79521 2.50000 1.01232
52.10000 -1.77214 -2.49990 0.79824
52.20000 -1.79795 2.50000 0.70000
52.30000 -1.81691 0.50000 0.80000
52.40000 -1.84653 1.40068 0.70088
52.50000 -2.11642 2.50000 0.10000
52.60000 -2.12063 -2.49912 0.50000
52.70000 -1.94389 2.50000 0.30000
52.80000 -2.39990 -1.50244 -0.60000
52.90000 -2.39990 0.03939 0.00010
53.00000 -2.39990 1.49971 -0.18788
53.10000 -2.39990 -2.50000 -0.90156
53.20000 -2.39990 2.49941 -0.50000
53.30000 -2.39990 -2.50000 -1.10000
53.40000 -2.39990 -1.10000 -1.50000
53.50000 -2.39990 -0.60323 -0.90000
53.60000 -2.39990 -2.50000 -1.30000
53.70000 -2.39990 2.39814 -2.00000
53.80000 -2.39990 -2.50000 -1.40000
53.90000 -2.39990 -2.30000 -1.59971
54.00000 -2.40000 -2.50000 -1.80059
54.10000 -2.40235 -2.50000 -1.80000
54.20000 -2.44878 -0.10000 -2.00430
54.30000 -2.45249 -2.50000 -2.12845
54.40000 -2.49531 -2.50000 -2.35699
54.50000 2.38710 2.50000 2.40029
54.60000 2.36070 2.50000 2.20000
54.70000 2.22395 1.50000 2.10000
54.80000 1.98338 2.50000 1.84281
54.90000 1.97273 0.10000 1.69990
55.00000 1.82366 2.49961 1.40000
55.10000 -1.77185 2.50000 1.27155
55.20000 -1.79531 -1.00000 1.34340
55.30000 -1.79550 2.50000 1.20000
55.40000 -1.79785 -1.00000 0.69971
55.50000 -1.79316 2.50000 0.40000
55.60000 -1.84653 2.00000 0.70000
55.70000 -2.11642 -2.20000 0.10000
55.80000 -2.14409 2.49990 0.00000
55.90000 -1.94389 -2.49961 -0.30068
56.00000 -2.39990 2.49971 -0.50000
56.10000 -2.39990 -0.00029 0.00000
56.20000 -2.39990 -2.50000 -0.90000
56.30000 -2.39990 2.49658 -1.10000
56.40000 -2.39990 -2.50000 -0.48788
56.50000 -2.39990 1.60000 -0.60000
56.60000 -2.39990 -2.20039 -1.20000
56.70000 -2.39990 -2.50000 -0.90000
56.80000 -2.39990 0.89756 -1.10000
56.90000 -2.39990 -2.50000 -1.50068
57.00000 -2.39990 0.40000 -1.40000
57.10000 -2.40000 -2.50000 -1.59971
57.20000 -2.40235 -2.50000 -1.80225
57.30000 -2.42111 -1.20068 -1.89971
57.40000 -2.42111 -2.50000 -2.00000
57.50000 -2.45249 -0.73118 -2.50000
57.60000 -2.49531 -2.50000 -2.35699
57.70000 2.38622 -2.50000 2.49990
57.80000 2.31720 2.50000 2.21222
57.90000 2.22444 2.49990 2.00000
58.00000 1.98358 0.00000 1.90000
58.10000 1.97253 2.50000 1.70000
58.20000 1.82317 1.60000 1.59990
58.30000 -1.77185 1.80029 1.30000
58.40000 -1.79531 2.50000 1.01232
58.50000 -1.77195 -2.50000 0.89990
58.60000 -1.77429 2.50000 0.70000
58.70000 -1.81711 0.50000 0.79971
58.80000 -1.82307 1.40000 0.70029
58.90000 -1.88837 2.50000 0.10000
59.00000 -2.14399 -2.50000 0.49971
59.10000 -1.94389 2.50000 0.30000
59.20000 -2.39990 -1.50059 -0.50088
59.30000 -2.39990 0.03939 0.00020
59.40000 -2.39990 1.49814 -0.16246
59.50000 -2.39990 -2.50000 -0.90117
59.60000 -2.39990 2.49932 -0.50000
59.70000 -2.39990 -2.50000 -1.10000
59.80000 -2.39990 -1.10000 -1.50000
59.90000 -2.39990 -0.60186 -0.90000
60.00000 -2.39990 -2.50000 -1.30000
60.10000 -2.39990 2.39971 -2.00000
