0.100000 4.963830 
0.200000 4.956210 
0.300000 4.799900 
0.400000 4.645060 
0.500000 4.487780 
0.600000 4.334310 
0.700000 4.172820 
0.800000 4.013200 
0.900000 3.860020 
1.000000 3.702440 
1.100000 3.543210 
1.200000 3.386120 
1.300000 3.225020 
1.400000 3.069500 
1.500000 2.914270 
1.600000 2.753570 
1.700000 2.598140 
1.800000 2.439590 
1.900000 2.285530 
2.000000 2.123950 
2.100000 1.964810 
2.200000 1.811930 
2.300000 1.652880 
2.400000 1.501170 
2.500000 1.339000 
2.600000 1.188470 
2.700000 1.029420 
2.800000 0.875460 
2.900000 0.717790 
3.000000 0.566470 
3.100000 0.406650 
3.200000 0.252300 
3.300000 0.952790 
3.400000 4.958940 
3.500000 4.799900 
3.600000 4.643600 
3.700000 4.487880 
3.800000 4.334510 
3.900000 4.177030 
4.000000 4.015840 
4.100000 3.857770 
4.200000 3.708110 
4.300000 3.542330 
4.400000 3.385530 
4.500000 3.227570 
4.600000 3.067160 
4.700000 2.910560 
4.800000 2.753670 
4.900000 2.595990 
5.000000 2.442520 
5.100000 2.285830 
5.200000 2.123750 
5.300000 1.965590 
5.400000 1.811530 
5.500000 1.651220 
5.600000 1.499710 
5.700000 1.340760 
5.800000 1.189740 
5.900000 1.030400 
6.000000 0.875270 
6.100000 0.718180 
6.200000 0.564810 
6.300000 0.406550 
6.400000 0.252200 
6.500000 0.953080 
6.600000 4.954550 
6.700000 4.801370 
6.800000 4.646730 
6.900000 4.487000 
7.000000 4.331670 
7.100000 4.176830 
7.200000 4.019450 
7.300000 3.857280 
7.400000 3.705770 
7.500000 3.543790 
7.600000 3.389440 
7.700000 3.224340 
7.800000 3.068520 
7.900000 2.910950 
8.000000 2.756110 
8.100000 2.595010 
8.200000 2.440660 
8.300000 2.284560 
8.400000 2.127180 
8.500000 1.963730 
8.600000 1.810460 
8.700000 1.651420 
8.800000 1.497170 
8.900000 1.339390 
9.000000 1.188070 
9.100000 1.028540 
9.200000 0.873800 
9.300000 0.718570 
9.400000 0.563150 
9.500000 0.405570 
9.600000 0.251810 
9.700000 0.952690 
9.800000 4.956600 
9.900000 4.802050 
10.000000 4.646330 
10.100000 4.487880 
10.200000 4.329620 
10.300000 4.176640 
10.400000 4.020720 
10.500000 3.860510 
10.600000 3.707820 
10.700000 3.546330 
10.800000 3.389050 
10.900000 3.228050 
11.000000 3.066960 
11.100000 2.911240 
11.200000 2.755520 
11.300000 2.594430 
11.400000 2.440470 
11.500000 2.285730 
11.600000 2.126390 
11.700000 1.964910 
11.800000 1.811340 
11.900000 1.650340 
12.000000 1.497360 
12.100000 1.338030 
12.200000 1.187390 
12.300000 1.028540 
12.400000 0.874490 
12.500000 0.718380 
12.600000 0.562270 
12.700000 0.405470 
12.800000 0.250930 
12.900000 0.954640 
13.000000 4.959240 
13.100000 4.803810 
13.200000 4.645940 
13.300000 4.490420 
13.400000 4.334600 
13.500000 4.178790 
13.600000 4.021110 
13.700000 3.859430 
13.800000 3.707140 
13.900000 3.544570 
14.000000 3.387290 
14.100000 3.225510 
14.200000 3.067940 
14.300000 2.910170 
14.400000 2.756700 
14.500000 2.596580 
14.600000 2.436560 
14.700000 2.282600 
14.800000 2.126490 
14.900000 1.965000 
15.000000 1.810560 
15.100000 1.652690 
15.200000 1.498530 
15.300000 1.340370 
15.400000 1.187390 
15.500000 1.027960 
15.600000 0.875460 
15.700000 0.717300 
15.800000 0.561490 
15.900000 0.407230 
16.000000 0.251420 
16.100000 0.954840 
16.200000 4.958550 
16.300000 4.804010 
16.400000 4.646240 
16.500000 4.488950 
16.600000 4.331570 
16.700000 4.179180 
16.800000 4.021700 
16.900000 3.858650 
17.000000 3.709290 
17.100000 3.544380 
17.200000 3.390030 
17.300000 3.223850 
17.400000 3.070090 
17.500000 2.913200 
17.600000 2.756400 
17.700000 2.596870 
17.800000 2.436270 
17.900000 2.282400 
18.000000 2.127570 
18.100000 1.966960 
18.200000 1.811830 
18.300000 1.653080 
18.400000 1.495800 
18.500000 1.340470 
18.600000 1.184460 
18.700000 1.028150 
18.800000 0.874390 
18.900000 0.717500 
19.000000 0.561390 
19.100000 0.406840 
19.200000 0.249760 
19.300000 0.953470 
19.400000 4.958550 
19.500000 4.802350 
19.600000 4.646140 
19.700000 4.487290 
19.800000 4.328840 
19.900000 4.177320 
20.000000 4.022090 
20.100000 3.857280 
20.200000 3.704790 
20.300000 3.545360 
20.400000 3.389150 
20.500000 3.226390 
20.600000 3.069700 
20.700000 2.908600 
20.800000 2.756890 
20.900000 2.598440 
21.000000 2.439300 
21.100000 2.282400 
21.200000 2.127660 
21.300000 1.966370 
21.400000 1.811240 
21.500000 1.653860 
21.600000 1.495700 
21.700000 1.342420 
21.800000 1.185730 
21.900000 1.028840 
22.000000 0.874490 
22.100000 0.717890 
22.200000 0.560510 
22.300000 0.406940 
22.400000 0.249560 
22.500000 0.954740 
22.600000 4.956010 
22.700000 4.800390 
22.800000 4.644380 
22.900000 4.488170 
23.000000 4.330400 
23.100000 4.176640 
23.200000 4.017890 
23.300000 3.858160 
23.400000 3.705860 
23.500000 3.544180 
23.600000 3.389050 
23.700000 3.225420 
23.800000 3.065790 
23.900000 2.909480 
24.000000 2.757480 
24.100000 2.597260 
24.200000 2.438320 
24.300000 2.282700 
24.400000 2.124540 
24.500000 1.965980 
24.600000 1.810260 
24.700000 1.652390 
24.800000 1.496770 
24.900000 1.340180 
25.000000 1.185430 
25.100000 1.029230 
25.200000 0.875860 
25.300000 0.718480 
25.400000 0.562170 
25.500000 0.407430 
25.600000 0.251520 
25.700000 0.948390 
25.800000 4.957380 
25.900000 4.800680 
26.000000 4.643010 
26.100000 4.489640 
26.200000 4.330010 
26.300000 4.172630 
26.400000 4.015840 
26.500000 3.863250 
26.600000 3.704890 
26.700000 3.542820 
26.800000 3.387390 
26.900000 3.227960 
27.000000 3.072240 
27.100000 2.912900 
27.200000 2.755130 
27.300000 2.598630 
27.400000 2.439790 
27.500000 2.283380 
27.600000 2.122680 
27.700000 1.968230 
27.800000 1.812810 
27.900000 1.651810 
28.000000 1.498040 
28.100000 1.340470 
28.200000 1.188660 
28.300000 1.030110 
28.400000 0.877030 
28.500000 0.718960 
28.600000 0.563340 
28.700000 0.406060 
28.800000 0.253570 
28.900000 0.949270 
29.000000 4.957970 
29.100000 4.799320 
29.200000 4.645550 
29.300000 4.490710 
29.400000 4.329910 
29.500000 4.170380 
29.600000 4.013980 
29.700000 3.863440 
29.800000 3.704990 
29.900000 3.546530 
30.000000 3.388470 
30.100000 3.229330 
30.200000 3.072240 
30.300000 2.911730 
30.400000 2.756790 
30.500000 2.598340 
30.600000 2.439880 
30.700000 2.281620 
30.800000 2.122390 
30.900000 1.967450 
31.000000 1.812710 
31.100000 1.652300 
31.200000 1.497360 
31.300000 1.341540 
31.400000 1.187880 
31.500000 1.030890 
31.600000 0.876830 
31.700000 0.719060 
31.800000 0.566760 
31.900000 0.405670 
32.000000 0.252790 
32.100000 0.948480 
32.200000 4.955330 
32.300000 4.801270 
32.400000 4.643400 
32.500000 4.489930 
32.600000 4.331080 
32.700000 4.174490 
32.800000 4.015840 
32.900000 3.861580 
33.000000 3.703320 
33.100000 3.546140 
33.200000 3.387490 
33.300000 3.224440 
33.400000 3.072040 
33.500000 2.914080 
33.600000 2.756700 
33.700000 2.599320 
33.800000 2.439880 
33.900000 2.282400 
34.000000 2.123070 
34.100000 1.969210 
34.200000 1.813100 
34.300000 1.653180 
34.400000 1.498830 
34.500000 1.339780 
34.600000 1.188950 
34.700000 1.030300 
34.800000 0.877220 
34.900000 0.719260 
35.000000 0.561780 
35.100000 0.406350 
35.200000 0.252300 
35.300000 0.948680 
35.400000 4.960610 
35.500000 4.803710 
35.600000 4.643690 
35.700000 4.490220 
35.800000 4.332060 
35.900000 4.175270 
36.000000 4.017500 
36.100000 3.865980 
36.200000 3.708700 
36.300000 3.546820 
36.400000 3.389640 
36.500000 3.228150 
36.600000 3.072240 
36.700000 2.914570 
36.800000 2.758160 
36.900000 2.597950 
37.000000 2.443110 
37.100000 2.283190 
37.200000 2.121990 
37.300000 1.968910 
37.400000 1.813000 
37.500000 1.652300 
37.600000 1.499410 
37.700000 1.341740 
37.800000 1.189640 
37.900000 1.031960 
38.000000 0.876640 
38.100000 0.719260 
38.200000 0.566470 
38.300000 0.405470 
38.400000 0.253270 
38.500000 0.948680 
38.600000 4.958360 
38.700000 4.802250 
38.800000 4.646330 
38.900000 4.491500 
39.000000 4.333140 
39.100000 4.173510 
39.200000 4.016520 
39.300000 3.864710 
39.400000 3.706650 
39.500000 3.546530 
39.600000 3.387390 
39.700000 3.231080 
39.800000 3.072340 
39.900000 2.912810 
40.000000 2.755030 
40.100000 2.598140 
40.200000 2.442030 
40.300000 2.283380 
40.400000 2.123750 
40.500000 1.969400 
40.600000 1.814170 
40.700000 1.652980 
40.800000 1.497170 
40.900000 1.339590 
41.000000 1.189640 
41.100000 1.030110 
41.200000 0.877220 
41.300000 0.719260 
41.400000 0.566760 
41.500000 0.405470 
41.600000 0.253570 
41.700000 0.950050 
41.800000 4.958550 
41.900000 4.803230 
42.000000 4.646140 
42.100000 4.490130 
42.200000 4.334120 
42.300000 4.171550 
42.400000 4.014170 
42.500000 3.864420 
42.600000 3.705960 
42.700000 3.542720 
42.800000 3.387780 
42.900000 3.228740 
43.000000 3.069310 
43.100000 2.911730 
43.200000 2.758360 
43.300000 2.599800 
43.400000 2.439790 
43.500000 2.283380 
43.600000 2.121410 
43.700000 1.968040 
43.800000 1.810460 
43.900000 1.652300 
44.000000 1.498340 
44.100000 1.340660 
44.200000 1.189050 
44.300000 1.031280 
44.400000 0.877130 
44.500000 0.718870 
44.600000 0.567740 
44.700000 0.405870 
44.800000 0.251220 
44.900000 0.949360 
45.000000 4.955330 
45.100000 4.801950 
45.200000 4.645060 
45.300000 4.489440 
45.400000 4.332750 
45.500000 4.171550 
45.600000 4.017200 
45.700000 3.861580 
45.800000 3.702540 
45.900000 3.541840 
46.000000 3.388170 
46.100000 3.226100 
46.200000 3.072040 
46.300000 2.913000 
46.400000 2.755430 
46.500000 2.598830 
46.600000 2.440180 
46.700000 2.282310 
46.800000 2.121600 
46.900000 1.969500 
47.000000 1.811730 
47.100000 1.653180 
47.200000 1.497750 
47.300000 1.339490 
47.400000 1.187780 
47.500000 1.029910 
47.600000 0.876150 
47.700000 0.718670 
47.800000 0.566470 
47.900000 0.405870 
48.000000 0.253470 
48.100000 0.950240 
48.200000 4.955820 
48.300000 4.801760 
48.400000 4.644380 
48.500000 4.487290 
48.600000 4.332060 
48.700000 4.174100 
48.800000 4.014560 
48.900000 3.861880 
49.000000 3.707040 
49.100000 3.544480 
49.200000 3.385730 
49.300000 3.224930 
49.400000 3.070280 
49.500000 2.910650 
49.600000 2.755430 
49.700000 2.597650 
49.800000 2.440370 
49.900000 2.282700 
50.000000 2.123850 
50.100000 1.967450 
50.200000 1.811830 
50.300000 1.651420 
50.400000 1.498240 
50.500000 1.339200 
50.600000 1.189640 
50.700000 1.030600 
50.800000 0.876930 
50.900000 0.718380 
51.000000 0.566470 
51.100000 0.406740 
51.200000 0.251610 
51.300000 0.950540 
51.400000 4.952980 
51.500000 4.798530 
51.600000 4.642620 
51.700000 4.488370 
51.800000 4.333820 
51.900000 4.173900 
52.000000 4.016030 
52.100000 3.861780 
52.200000 3.705570 
52.300000 3.545360 
52.400000 3.386800 
52.500000 3.226880 
52.600000 3.069310 
52.700000 2.915350 
52.800000 2.757380 
52.900000 2.598830 
53.000000 2.440180 
53.100000 2.280550 
53.200000 2.125510 
53.300000 1.966080 
53.400000 1.811340 
53.500000 1.652490 
53.600000 1.499710 
53.700000 1.341940 
53.800000 1.188170 
53.900000 1.029330 
54.000000 0.877030 
54.100000 0.719940 
54.200000 0.563930 
54.300000 0.406740 
54.400000 0.249170 
54.500000 0.950240 
54.600000 4.956600 
54.700000 4.799510 
54.800000 4.644970 
54.900000 4.488170 
55.000000 4.330500 
55.100000 4.173700 
55.200000 4.014080 
55.300000 3.860120 
55.400000 3.705180 
55.500000 3.544770 
55.600000 3.386800 
55.700000 3.225220 
55.800000 3.071940 
55.900000 2.914470 
56.000000 2.758160 
56.100000 2.598440 
56.200000 2.441540 
56.300000 2.283090 
56.400000 2.123850 
56.500000 1.968230 
56.600000 1.812410 
56.700000 1.653370 
56.800000 1.499710 
56.900000 1.340270 
57.000000 1.188270 
57.100000 1.028930 
57.200000 0.877320 
57.300000 0.720430 
57.400000 0.564420 
57.500000 0.406450 
57.600000 0.250440 
57.700000 0.950240 
57.800000 4.957670 
57.900000 4.799800 
58.000000 4.645060 
58.100000 4.488470 
58.200000 4.336070 
58.300000 4.173610 
58.400000 4.016420 
58.500000 3.864130 
58.600000 3.706260 
58.700000 3.545260 
58.800000 3.386310 
58.900000 3.227370 
59.000000 3.072040 
59.100000 2.913690 
59.200000 2.755330 
59.300000 2.600390 
59.400000 2.443890 
59.500000 2.282210 
59.600000 2.124830 
59.700000 1.967450 
59.800000 1.813490 
59.900000 1.652200 
60.000000 1.500100 
