0.100000 4.964710 
0.200000 4.974680 
0.300000 4.903030 
0.400000 4.810560 
0.500000 4.739390 
0.600000 4.666670 
0.700000 4.575760 
0.800000 4.500390 
0.900000 4.430690 
1.000000 4.339300 
1.100000 4.266180 
1.200000 4.196290 
1.300000 4.100980 
1.400000 4.031380 
1.500000 3.957580 
1.600000 3.866370 
1.700000 3.794820 
1.800000 3.718670 
1.900000 3.647510 
2.000000 3.559040 
2.100000 3.482400 
2.200000 3.406060 
2.300000 3.317600 
2.400000 3.247210 
2.500000 3.166960 
2.600000 3.081040 
2.700000 3.009290 
2.800000 2.928540 
2.900000 2.845550 
3.000000 2.773700 
3.100000 2.695890 
3.200000 2.611930 
3.300000 2.541450 
3.400000 2.458360 
3.500000 2.389930 
3.600000 2.304400 
3.700000 2.217890 
3.800000 2.149270 
3.900000 2.067350 
4.000000 1.982890 
4.100000 1.910650 
4.200000 1.833720 
4.300000 1.745450 
4.400000 1.675270 
4.500000 1.598440 
4.600000 1.515740 
4.700000 1.437730 
4.800000 1.351320 
4.900000 1.285430 
5.000000 1.201080 
5.100000 1.115050 
5.200000 1.064520 
5.300000 0.973610 
5.400000 0.885140 
5.500000 0.830690 
5.600000 0.741840 
5.700000 0.657970 
5.800000 0.594530 
5.900000 0.510260 
6.000000 0.426880 
6.100000 0.358260 
6.200000 0.276740 
6.300000 0.195700 
6.400000 0.123750 
6.500000 0.463250 
6.600000 4.975070 
6.700000 4.904890 
6.800000 4.808990 
6.900000 4.736560 
7.000000 4.668910 
7.100000 4.575370 
7.200000 4.503910 
7.300000 4.431870 
7.400000 4.341940 
7.500000 4.266960 
7.600000 4.195210 
7.700000 4.103710 
7.800000 4.031180 
7.900000 3.958940 
8.000000 3.866760 
8.100000 3.794720 
8.200000 3.721990 
8.300000 3.648680 
8.400000 3.558940 
8.500000 3.485530 
8.600000 3.408990 
8.700000 3.318280 
8.800000 3.247310 
8.900000 3.166760 
9.000000 3.081520 
9.100000 3.008900 
9.200000 2.932360 
9.300000 2.844480 
9.400000 2.775860 
9.500000 2.695890 
9.600000 2.611930 
9.700000 2.540370 
9.800000 2.458750 
9.900000 2.390220 
10.000000 2.305280 
10.100000 2.217790 
10.200000 2.151320 
10.300000 2.068820 
10.400000 1.982500 
10.500000 1.910850 
10.600000 1.834410 
10.700000 1.749760 
10.800000 1.674000 
10.900000 1.599710 
11.000000 1.513100 
11.100000 1.437340 
11.200000 1.351710 
11.300000 1.286510 
11.400000 1.201660 
11.500000 1.115840 
11.600000 1.065100 
11.700000 0.974780 
11.800000 0.885040 
11.900000 0.830990 
12.000000 0.742420 
12.100000 0.657670 
12.200000 0.596190 
12.300000 0.510070 
12.400000 0.427080 
12.500000 0.359240 
12.600000 0.277710 
12.700000 0.196480 
12.800000 0.121310 
12.900000 0.463830 
13.000000 4.979080 
13.100000 4.903620 
13.200000 4.809680 
13.300000 4.739880 
13.400000 4.669110 
13.500000 4.575370 
13.600000 4.503910 
13.700000 4.431960 
13.800000 4.338610 
13.900000 4.267740 
14.000000 4.194430 
14.100000 4.103030 
14.200000 4.032840 
14.300000 3.958850 
14.400000 3.866960 
14.500000 3.794920 
14.600000 3.722680 
14.700000 3.648880 
14.800000 3.557970 
14.900000 3.484360 
15.000000 3.408410 
15.100000 3.319750 
15.200000 3.245360 
15.300000 3.168040 
15.400000 3.081040 
15.500000 3.007230 
15.600000 2.930890 
15.700000 2.843500 
15.800000 2.772920 
15.900000 2.697070 
16.000000 2.610950 
16.100000 2.538320 
16.200000 2.458550 
16.300000 2.389740 
16.400000 2.304790 
16.500000 2.218570 
16.600000 2.151120 
16.700000 2.068620 
16.800000 1.983870 
16.900000 1.911530 
17.000000 1.833430 
17.100000 1.744770 
17.200000 1.673700 
17.300000 1.598830 
17.400000 1.516030 
17.500000 1.435870 
17.600000 1.350640 
17.700000 1.285630 
17.800000 1.202440 
17.900000 1.115250 
18.000000 1.065100 
18.100000 0.974290 
18.200000 0.885040 
18.300000 0.830690 
18.400000 0.742230 
18.500000 0.658160 
18.600000 0.594620 
18.700000 0.509190 
18.800000 0.427170 
18.900000 0.359240 
19.000000 0.276640 
19.100000 0.195500 
19.200000 0.122290 
19.300000 0.463340 
19.400000 4.972040 
19.500000 4.901070 
19.600000 4.807820 
19.700000 4.737730 
19.800000 4.665490 
19.900000 4.574780 
20.000000 4.502540 
20.100000 4.429910 
20.200000 4.336950 
20.300000 4.266180 
20.400000 4.194920 
20.500000 4.102930 
20.600000 4.029810 
20.700000 3.958850 
20.800000 3.863930 
20.900000 3.793740 
21.000000 3.720230 
21.100000 3.646140 
21.200000 3.557380 
21.300000 3.482110 
21.400000 3.406840 
21.500000 3.320230 
21.600000 3.246920 
21.700000 3.167450 
21.800000 3.079770 
21.900000 3.006450 
22.000000 2.927760 
22.100000 2.843890 
22.200000 2.774000 
22.300000 2.694820 
22.400000 2.611050 
22.500000 2.539200 
22.600000 2.458550 
22.700000 2.389150 
22.800000 2.305670 
22.900000 2.217400 
23.000000 2.149460 
23.100000 2.065880 
23.200000 1.980940 
23.300000 1.910950 
23.400000 1.832550 
23.500000 1.747120 
23.600000 1.674680 
23.700000 1.598040 
23.800000 1.512900 
23.900000 1.436850 
24.000000 1.350540 
24.100000 1.285140 
24.200000 1.200390 
24.300000 1.115540 
24.400000 1.065590 
24.500000 0.974680 
24.600000 0.884850 
24.700000 0.830690 
24.800000 0.741450 
24.900000 0.657280 
25.000000 0.595110 
25.100000 0.509780 
25.200000 0.426390 
25.300000 0.358360 
25.400000 0.276050 
25.500000 0.195800 
25.600000 0.123260 
25.700000 0.459530 
25.800000 4.978490 
25.900000 4.906060 
26.000000 4.805860 
26.100000 4.739100 
26.200000 4.667350 
26.300000 4.572240 
26.400000 4.501760 
26.500000 4.432060 
26.600000 4.340470 
26.700000 4.270280 
26.800000 4.194620 
26.900000 4.103030 
27.000000 4.030790 
27.100000 3.959630 
27.200000 3.866760 
27.300000 3.793940 
27.400000 3.720920 
27.500000 3.646920 
27.600000 3.558850 
27.700000 3.482500 
27.800000 3.407430 
27.900000 3.320140 
28.000000 3.245260 
28.100000 3.168520 
28.200000 3.081330 
28.300000 3.008990 
28.400000 2.929720 
28.500000 2.846240 
28.600000 2.773900 
28.700000 2.694430 
28.800000 2.613490 
28.900000 2.542030 
29.000000 2.459040 
29.100000 2.388270 
29.200000 2.302740 
29.300000 2.216810 
29.400000 2.148880 
29.500000 2.065400 
29.600000 1.981230 
29.700000 1.911530 
29.800000 1.833040 
29.900000 1.745850 
30.000000 1.674490 
30.100000 1.597650 
30.200000 1.513000 
30.300000 1.437830 
30.400000 1.351610 
30.500000 1.284650 
30.600000 1.200290 
30.700000 1.115740 
30.800000 1.063930 
30.900000 0.973900 
31.000000 0.885240 
31.100000 0.830690 
31.200000 0.742820 
31.300000 0.657970 
31.400000 0.594430 
31.500000 0.509190 
31.600000 0.425710 
31.700000 0.359430 
31.800000 0.277130 
31.900000 0.195500 
32.000000 0.121510 
32.100000 0.459920 
32.200000 4.977130 
32.300000 4.904010 
32.400000 4.810360 
32.500000 4.739880 
32.600000 4.669600 
32.700000 4.576830 
32.800000 4.504300 
32.900000 4.431480 
33.000000 4.340960 
33.100000 4.270380 
33.200000 4.196480 
33.300000 4.102930 
33.400000 4.032260 
33.500000 3.958360 
33.600000 3.865300 
33.700000 3.795500 
33.800000 3.720820 
33.900000 3.648970 
34.000000 3.561490 
34.100000 3.484850 
34.200000 3.408210 
34.300000 3.322390 
34.400000 3.247510 
34.500000 3.169110 
34.600000 3.081040 
34.700000 3.008310 
34.800000 2.929910 
34.900000 2.844090 
35.000000 2.773900 
35.100000 2.695500 
35.200000 2.612610 
35.300000 2.541640 
35.400000 2.459630 
35.500000 2.390910 
35.600000 2.304300 
35.700000 2.217600 
35.800000 2.149950 
35.900000 2.069790 
36.000000 1.982010 
36.100000 1.911440 
36.200000 1.832840 
36.300000 1.748000 
36.400000 1.674580 
36.500000 1.600100 
36.600000 1.515740 
36.700000 1.438320 
36.800000 1.351420 
36.900000 1.284160 
37.000000 1.202350 
37.100000 1.115640 
37.200000 1.064810 
37.300000 0.973800 
37.400000 0.885730 
37.500000 0.831570 
37.600000 0.743300 
37.700000 0.657870 
37.800000 0.594720 
37.900000 0.509680 
38.000000 0.426000 
38.100000 0.359920 
38.200000 0.277320 
38.300000 0.196680 
38.400000 0.122390 
38.500000 0.459430 
38.600000 4.979860 
38.700000 4.904590 
38.800000 4.809090 
38.900000 4.742030 
39.000000 4.669210 
39.100000 4.573900 
39.200000 4.504010 
39.300000 4.430790 
39.400000 4.339590 
39.500000 4.269400 
39.600000 4.196380 
39.700000 4.104010 
39.800000 4.032060 
39.900000 3.957870 
40.000000 3.866860 
40.100000 3.794820 
40.200000 3.719450 
40.300000 3.648480 
40.400000 3.559340 
40.500000 3.483970 
40.600000 3.408500 
40.700000 3.319650 
40.800000 3.244280 
40.900000 3.165590 
41.000000 3.082110 
41.100000 3.007620 
41.200000 2.929030 
41.300000 2.845060 
41.400000 2.774580 
41.500000 2.695500 
41.600000 2.613780 
41.700000 2.541250 
41.800000 2.457670 
41.900000 2.390910 
42.000000 2.303910 
42.100000 2.216420 
42.200000 2.148090 
42.300000 2.066670 
42.400000 1.980250 
42.500000 1.910260 
42.600000 1.832360 
42.700000 1.747120 
42.800000 1.674390 
42.900000 1.598730 
43.000000 1.514860 
43.100000 1.437930 
43.200000 1.352100 
43.300000 1.283280 
43.400000 1.200780 
43.500000 1.115840 
43.600000 1.064520 
43.700000 0.974680 
43.800000 0.884950 
43.900000 0.830600 
44.000000 0.742910 
44.100000 0.657580 
44.200000 0.594920 
44.300000 0.509290 
44.400000 0.425420 
44.500000 0.358360 
44.600000 0.277030 
44.700000 0.196380 
44.800000 0.122290 
44.900000 0.459430 
45.000000 4.974680 
45.100000 4.901860 
45.200000 4.808600 
45.300000 4.738120 
45.400000 4.666280 
45.500000 4.574980 
45.600000 4.503520 
45.700000 4.431480 
45.800000 4.338220 
45.900000 4.269600 
46.000000 4.195210 
46.100000 4.099220 
46.200000 4.029420 
46.300000 3.955430 
46.400000 3.865980 
46.500000 3.794330 
46.600000 3.720430 
46.700000 3.644770 
46.800000 3.557380 
46.900000 3.481620 
47.000000 3.407720 
47.100000 3.319450 
47.200000 3.247310 
47.300000 3.165690 
47.400000 3.078980 
47.500000 3.008500 
47.600000 2.928840 
47.700000 2.846330 
47.800000 2.773510 
47.900000 2.697260 
48.000000 2.613690 
48.100000 2.540760 
48.200000 2.458650 
48.300000 2.389540 
48.400000 2.302050 
48.500000 2.218180 
48.600000 2.149360 
48.700000 2.066280 
48.800000 1.978690 
48.900000 1.910950 
49.000000 1.830890 
49.100000 1.748480 
49.200000 1.675070 
49.300000 1.597560 
49.400000 1.515440 
49.500000 1.437830 
49.600000 1.350930 
49.700000 1.284360 
49.800000 1.199900 
49.900000 1.116130 
50.000000 1.064420 
50.100000 0.973800 
50.200000 0.885140 
50.300000 0.831090 
50.400000 0.742230 
50.500000 0.656890 
50.600000 0.595310 
50.700000 0.509480 
50.800000 0.426980 
50.900000 0.358160 
51.000000 0.277910 
51.100000 0.196770 
51.200000 0.121700 
51.300000 0.460410 
51.400000 4.974290 
51.500000 4.902540 
51.600000 4.808310 
51.700000 4.735290 
51.800000 4.665880 
51.900000 4.575660 
52.000000 4.501170 
52.100000 4.429810 
52.200000 4.338810 
52.300000 4.267550 
52.400000 4.194040 
52.500000 4.102250 
52.600000 4.029620 
52.700000 3.955230 
52.800000 3.861580 
52.900000 3.794720 
53.000000 3.719940 
53.100000 3.645550 
53.200000 3.557870 
53.300000 3.481430 
53.400000 3.405570 
53.500000 3.318960 
53.600000 3.246330 
53.700000 3.167940 
53.800000 3.079370 
53.900000 3.007720 
54.000000 2.930210 
54.100000 2.843210 
54.200000 2.773220 
54.300000 2.694920 
54.400000 2.612410 
54.500000 2.539690 
54.600000 2.460410 
54.700000 2.389830 
54.800000 2.303620 
54.900000 2.217110 
55.000000 2.147700 
55.100000 2.067350 
55.200000 1.978100 
55.300000 1.910170 
55.400000 1.831960 
55.500000 1.746330 
55.600000 1.673610 
55.700000 1.598340 
55.800000 1.512220 
55.900000 1.437340 
56.000000 1.350050 
56.100000 1.283580 
56.200000 1.201760 
56.300000 1.115640 
56.400000 1.063440 
56.500000 0.974390 
56.600000 0.884950 
56.700000 0.831090 
56.800000 0.741840 
56.900000 0.657770 
57.000000 0.594920 
57.100000 0.509290 
57.200000 0.426000 
57.300000 0.358940 
57.400000 0.276250 
57.500000 0.195990 
57.600000 0.121020 
57.700000 0.460020 
57.800000 4.974000 
57.900000 4.902440 
58.000000 4.810560 
58.100000 4.739690 
58.200000 4.666470 
58.300000 4.573310 
58.400000 4.501660 
58.500000 4.431380 
58.600000 4.340860 
58.700000 4.267740 
58.800000 4.195700 
58.900000 4.103230 
59.000000 4.030210 
59.100000 3.957670 
59.200000 3.862850 
59.300000 3.795010 
59.400000 3.719260 
59.500000 3.648000 
59.600000 3.559920 
59.700000 3.482600 
59.800000 3.405860 
59.900000 3.319450 
60.000000 3.245550 
