0.100000 4.964520 
0.200000 4.980250 
0.300000 4.944670 
0.400000 4.896580 
0.500000 4.860800 
0.600000 4.826690 
0.700000 4.776830 
0.800000 4.742910 
0.900000 4.707620 
1.000000 4.661880 
1.100000 4.626590 
1.200000 4.589150 
1.300000 4.543790 
1.400000 4.508020 
1.500000 4.470770 
1.600000 4.423950 
1.700000 4.391010 
1.800000 4.353570 
1.900000 4.313680 
2.000000 4.273310 
2.100000 4.234990 
2.200000 4.197360 
2.300000 4.154840 
2.400000 4.116810 
2.500000 4.074980 
2.600000 4.037240 
2.700000 4.000100 
2.800000 3.959430 
2.900000 3.917010 
3.000000 3.879860 
3.100000 3.842130 
3.200000 3.796290 
3.300000 3.761780 
3.400000 3.725020 
3.500000 3.685340 
3.600000 3.641740 
3.700000 3.606060 
3.800000 3.563440 
3.900000 3.527080 
4.000000 3.486510 
4.100000 3.443500 
4.200000 3.405770 
4.300000 3.367160 
4.400000 3.324930 
4.500000 3.286120 
4.600000 3.248000 
4.700000 3.206940 
4.800000 3.162270 
4.900000 3.127760 
5.000000 3.087980 
5.100000 3.052000 
5.200000 3.012120 
5.300000 2.969500 
5.400000 2.932160 
5.500000 2.892280 
5.600000 2.855030 
5.700000 2.814660 
5.800000 2.775660 
5.900000 2.738030 
6.000000 2.696970 
6.100000 2.659730 
6.200000 2.621510 
6.300000 2.578490 
6.400000 2.541740 
6.500000 2.504010 
6.600000 2.457280 
6.700000 2.429330 
6.800000 2.385830 
6.900000 2.336850 
7.000000 2.307720 
7.100000 2.271160 
7.200000 2.215250 
7.300000 2.186020 
7.400000 2.153570 
7.500000 2.099410 
7.600000 2.066370 
7.700000 2.035780 
7.800000 1.984560 
7.900000 1.946430 
8.000000 1.914960 
8.100000 1.869990 
8.200000 1.828740 
8.300000 1.798440 
8.400000 1.755230 
8.500000 1.710360 
8.600000 1.679570 
8.700000 1.638320 
8.800000 1.591980 
8.900000 1.558750 
9.000000 1.521900 
9.100000 1.474490 
9.200000 1.437150 
9.300000 1.399610 
9.400000 1.358550 
9.500000 1.318380 
9.600000 1.274290 
9.700000 1.247700 
9.800000 1.200980 
9.900000 1.156700 
10.000000 1.139000 
10.100000 1.089930 
10.200000 1.040960 
10.300000 1.028930 
10.400000 0.976440 
10.500000 0.928050 
10.600000 0.907620 
10.700000 0.862270 
10.800000 0.812020 
10.900000 0.781230 
11.000000 0.746820 
11.100000 0.698240 
11.200000 0.655330 
11.300000 0.630110 
11.400000 0.583970 
11.500000 0.539390 
11.600000 0.513980 
11.700000 0.467940 
11.800000 0.425710 
11.900000 0.395310 
12.000000 0.352690 
12.100000 0.312900 
12.200000 0.279370 
12.300000 0.236750 
12.400000 0.196190 
12.500000 0.162660 
12.600000 0.122780 
12.700000 0.081430 
12.800000 0.041060 
12.900000 0.374980 
13.000000 4.981230 
13.100000 4.950150 
13.200000 4.899320 
13.300000 4.862850 
13.400000 4.825900 
13.500000 4.781040 
13.600000 4.747020 
13.700000 4.707040 
13.800000 4.662950 
13.900000 4.629130 
14.000000 4.590710 
14.100000 4.545160 
14.200000 4.510560 
14.300000 4.470770 
14.400000 4.425320 
14.500000 4.391890 
14.600000 4.353470 
14.700000 4.315840 
14.800000 4.273410 
14.900000 4.238510 
15.000000 4.195500 
15.100000 4.153470 
15.200000 4.116420 
15.300000 4.077810 
15.400000 4.037630 
15.500000 4.000880 
15.600000 3.960610 
15.700000 3.919160 
15.800000 3.880550 
15.900000 3.844670 
16.000000 3.797750 
16.100000 3.763250 
16.200000 3.722090 
16.300000 3.687880 
16.400000 3.643400 
16.500000 3.606650 
16.600000 3.567060 
16.700000 3.527080 
16.800000 3.486900 
16.900000 3.445750 
17.000000 3.403320 
17.100000 3.366760 
17.200000 3.327270 
17.300000 3.284160 
17.400000 3.248290 
17.500000 3.207530 
17.600000 3.165400 
17.700000 3.128540 
17.800000 3.088470 
17.900000 3.053370 
18.000000 3.010460 
18.100000 2.969310 
18.200000 2.932840 
18.300000 2.894720 
18.400000 2.856210 
18.500000 2.814370 
18.600000 2.775760 
18.700000 2.736560 
18.800000 2.696380 
18.900000 2.660800 
19.000000 2.621600 
19.100000 2.578490 
19.200000 2.541350 
19.300000 2.505670 
19.400000 2.457870 
19.500000 2.429720 
19.600000 2.388070 
19.700000 2.337050 
19.800000 2.306350 
19.900000 2.270670 
20.000000 2.216810 
20.100000 2.185530 
20.200000 2.153270 
20.300000 2.100200 
20.400000 2.065400 
20.500000 2.033330 
20.600000 1.986020 
20.700000 1.947020 
20.800000 1.914860 
20.900000 1.870280 
21.000000 1.828540 
21.100000 1.799320 
21.200000 1.753670 
21.300000 1.710070 
21.400000 1.679280 
21.500000 1.640270 
21.600000 1.591200 
21.700000 1.559140 
21.800000 1.522780 
21.900000 1.475950 
22.000000 1.436950 
22.100000 1.397950 
22.200000 1.359730 
22.300000 1.318080 
22.400000 1.272530 
22.500000 1.248000 
22.600000 1.201560 
22.700000 1.155720 
22.800000 1.138420 
22.900000 1.088950 
23.000000 1.040760 
23.100000 1.027960 
23.200000 0.976250 
23.300000 0.927760 
23.400000 0.908020 
23.500000 0.861490 
23.600000 0.812320 
23.700000 0.781230 
23.800000 0.746730 
23.900000 0.699120 
24.000000 0.654840 
24.100000 0.630010 
24.200000 0.584460 
24.300000 0.539000 
24.400000 0.514080 
24.500000 0.467740 
24.600000 0.425810 
24.700000 0.397560 
24.800000 0.352980 
24.900000 0.314170 
25.000000 0.279770 
25.100000 0.237150 
25.200000 0.197070 
25.300000 0.161490 
25.400000 0.122680 
25.500000 0.082400 
25.600000 0.042030 
25.700000 0.383680 
25.800000 4.978790 
25.900000 4.943700 
26.000000 4.894720 
26.100000 4.863250 
26.200000 4.826980 
26.300000 4.779080 
26.400000 4.742520 
26.500000 4.705080 
26.600000 4.660800 
26.700000 4.627470 
26.800000 4.591100 
26.900000 4.544670 
27.000000 4.504890 
27.100000 4.471260 
27.200000 4.424630 
27.300000 4.389540 
27.400000 4.353370 
27.500000 4.314660 
27.600000 4.269990 
27.700000 4.236750 
27.800000 4.195600 
27.900000 4.152200 
28.000000 4.116030 
28.100000 4.076250 
28.200000 4.034700 
28.300000 3.996770 
28.400000 3.959340 
28.500000 3.916620 
28.600000 3.881620 
28.700000 3.840660 
28.800000 3.796970 
28.900000 3.764320 
29.000000 3.723260 
29.100000 3.688370 
29.200000 3.644770 
29.300000 3.604590 
29.400000 3.565790 
29.500000 3.524930 
29.600000 3.485440 
29.700000 3.445940 
29.800000 3.406650 
29.900000 3.367060 
30.000000 3.326300 
30.100000 3.286020 
30.200000 3.249460 
30.300000 3.206840 
30.400000 3.163830 
30.500000 3.130110 
30.600000 3.087780 
30.700000 3.052790 
30.800000 3.010650 
30.900000 2.970670 
31.000000 2.931570 
31.100000 2.892380 
31.200000 2.854350 
31.300000 2.814660 
31.400000 2.774780 
31.500000 2.737730 
31.600000 2.696870 
31.700000 2.658360 
31.800000 2.620330 
31.900000 2.578790 
32.000000 2.543790 
32.100000 2.506160 
32.200000 2.457670 
32.300000 2.428250 
32.400000 2.386120 
32.500000 2.336660 
32.600000 2.308020 
32.700000 2.269500 
32.800000 2.215640 
32.900000 2.185730 
33.000000 2.152690 
33.100000 2.097750 
33.200000 2.065690 
33.300000 2.036850 
33.400000 1.982890 
33.500000 1.945450 
33.600000 1.916520 
33.700000 1.870380 
33.800000 1.827370 
33.900000 1.799410 
34.000000 1.754840 
34.100000 1.710260 
34.200000 1.678010 
34.300000 1.639690 
34.400000 1.590620 
34.500000 1.559630 
34.600000 1.522390 
34.700000 1.474390 
34.800000 1.438510 
34.900000 1.398630 
35.000000 1.361090 
35.100000 1.317500 
35.200000 1.274490 
35.300000 1.248390 
35.400000 1.200980 
35.500000 1.156600 
35.600000 1.137930 
35.700000 1.089050 
35.800000 1.040860 
35.900000 1.027760 
36.000000 0.975460 
36.100000 0.927570 
36.200000 0.907820 
36.300000 0.860510 
36.400000 0.812120 
36.500000 0.781520 
36.600000 0.746040 
36.700000 0.697560 
36.800000 0.655520 
36.900000 0.630110 
37.000000 0.584160 
37.100000 0.539000 
37.200000 0.512900 
37.300000 0.469010 
37.400000 0.425420 
37.500000 0.396090 
37.600000 0.352690 
37.700000 0.313290 
37.800000 0.279960 
37.900000 0.235680 
38.000000 0.196870 
38.100000 0.161390 
38.200000 0.123070 
38.300000 0.082010 
38.400000 0.042420 
38.500000 0.375760 
38.600000 4.978890 
38.700000 4.951120 
38.800000 4.896870 
38.900000 4.861780 
39.000000 4.828640 
39.100000 4.781720 
39.200000 4.746240 
39.300000 4.708990 
39.400000 4.661090 
39.500000 4.629330 
39.600000 4.589540 
39.700000 4.545750 
39.800000 4.507430 
39.900000 4.470280 
40.000000 4.424630 
40.100000 4.391790 
40.200000 4.354350 
40.300000 4.317110 
40.400000 4.273700 
40.500000 4.236270 
40.600000 4.198920 
40.700000 4.155520 
40.800000 4.118280 
40.900000 4.076050 
41.000000 4.035090 
41.100000 3.998040 
41.200000 3.961090 
41.300000 3.917500 
41.400000 3.883090 
41.500000 3.841350 
41.600000 3.799800 
41.700000 3.764710 
41.800000 3.725810 
41.900000 3.688860 
42.000000 3.644970 
42.100000 3.607720 
42.200000 3.563730 
42.300000 3.525610 
42.400000 3.485530 
42.500000 3.445650 
42.600000 3.404890 
42.700000 3.367740 
42.800000 3.325710 
42.900000 3.286710 
43.000000 3.248190 
43.100000 3.208800 
43.200000 3.166670 
43.300000 3.133040 
43.400000 3.088470 
43.500000 3.053670 
43.600000 3.012120 
43.700000 2.970190 
43.800000 2.933040 
43.900000 2.893060 
44.000000 2.854060 
44.100000 2.814370 
44.200000 2.775370 
44.300000 2.739200 
44.400000 2.697170 
44.500000 2.662270 
44.600000 2.621600 
44.700000 2.579370 
44.800000 2.543990 
44.900000 2.507430 
45.000000 2.459140 
45.100000 2.429810 
45.200000 2.387190 
45.300000 2.338420 
45.400000 2.308310 
45.500000 2.269700 
45.600000 2.215740 
45.700000 2.185920 
45.800000 2.153860 
45.900000 2.100200 
46.000000 2.066670 
46.100000 2.037150 
46.200000 1.983090 
46.300000 1.947800 
46.400000 1.915840 
46.500000 1.868230 
46.600000 1.828150 
46.700000 1.799120 
46.800000 1.753860 
46.900000 1.712120 
47.000000 1.677910 
47.100000 1.639980 
47.200000 1.592080 
47.300000 1.559920 
47.400000 1.522580 
47.500000 1.473700 
47.600000 1.438610 
47.700000 1.399610 
47.800000 1.359040 
47.900000 1.318570 
48.000000 1.273610 
48.100000 1.247510 
48.200000 1.201470 
48.300000 1.156210 
48.400000 1.137930 
48.500000 1.089540 
48.600000 1.041150 
48.700000 1.029420 
48.800000 0.976440 
48.900000 0.927760 
49.000000 0.908210 
49.100000 0.860610 
49.200000 0.812220 
49.300000 0.781720 
49.400000 0.747020 
49.500000 0.698440 
49.600000 0.656010 
49.700000 0.630110 
49.800000 0.584750 
49.900000 0.539590 
50.000000 0.513100 
50.100000 0.468430 
50.200000 0.425810 
50.300000 0.394820 
50.400000 0.353760 
50.500000 0.314170 
50.600000 0.279570 
50.700000 0.236360 
50.800000 0.197260 
50.900000 0.161580 
51.000000 0.123460 
51.100000 0.082010 
51.200000 0.041640 
51.300000 0.357480 
51.400000 4.978490 
51.500000 4.943600 
51.600000 4.898630 
51.700000 4.861880 
51.800000 4.824930 
51.900000 4.780650 
52.000000 4.745060 
52.100000 4.706060 
52.200000 4.660210 
52.300000 4.625710 
52.400000 4.590910 
52.500000 4.541840 
52.600000 4.507230 
52.700000 4.470770 
52.800000 4.423560 
52.900000 4.390030 
53.000000 4.353080 
53.100000 4.314270 
53.200000 4.271360 
53.300000 4.238220 
53.400000 4.196970 
53.500000 4.155720 
53.600000 4.117500 
53.700000 4.075760 
53.800000 4.033920 
53.900000 3.999610 
54.000000 3.959730 
54.100000 3.917010 
54.200000 3.878690 
54.300000 3.841640 
54.400000 3.796970 
54.500000 3.763830 
54.600000 3.723360 
54.700000 3.684650 
54.800000 3.642130 
54.900000 3.605870 
55.000000 3.564710 
55.100000 3.524830 
55.200000 3.485140 
55.300000 3.444480 
55.400000 3.404690 
55.500000 3.365880 
55.600000 3.325510 
55.700000 3.285040 
55.800000 3.249270 
55.900000 3.204300 
56.000000 3.165100 
56.100000 3.126780 
56.200000 3.087980 
56.300000 3.052980 
56.400000 3.010850 
56.500000 2.969310 
56.600000 2.931870 
56.700000 2.894430 
56.800000 2.853180 
56.900000 2.813200 
57.000000 2.774390 
57.100000 2.737830 
57.200000 2.696380 
57.300000 2.660410 
57.400000 2.618570 
57.500000 2.577910 
57.600000 2.541940 
57.700000 2.505570 
57.800000 2.457970 
57.900000 2.430110 
58.000000 2.386800 
58.100000 2.335870 
58.200000 2.306650 
58.300000 2.269890 
58.400000 2.215540 
58.500000 2.185830 
58.600000 2.152980 
58.700000 2.095800 
58.800000 2.065490 
58.900000 2.035090 
59.000000 1.982800 
59.100000 1.947120 
59.200000 1.916030 
59.300000 1.870770 
59.400000 1.826780 
59.500000 1.797750 
59.600000 1.754740 
59.700000 1.709580 
59.800000 1.677610 
59.900000 1.638810 
60.000000 1.590710 
