0.100000 4.997560 
0.200000 4.800000 
0.300000 4.600000 
0.400000 4.358650 
0.500000 4.267250 
0.600000 4.300000 
0.700000 3.800000 
0.800000 3.610260 
0.900000 3.800000 
1.000000 3.200000 
1.100000 2.988660 
1.200000 3.400000 
1.300000 2.600000 
1.400000 2.300000 
1.500000 2.900000 
1.600000 1.971160 
1.700000 1.700000 
1.800000 2.500000 
1.900000 2.000000 
2.000000 1.300000 
2.100000 2.000000 
2.200000 1.800000 
2.300000 1.000000 
2.400000 1.500000 
2.500000 1.400000 
2.600000 0.700000 
2.700000 1.121110 
2.800000 1.000000 
2.900000 0.400000 
3.000000 0.658650 
3.100000 0.500000 
3.200000 0.024830 
3.300000 3.198630 
3.400000 4.849950 
3.500000 4.600000 
3.600000 4.399710 
3.700000 4.223260 
3.800000 4.300000 
3.900000 3.800000 
4.000000 3.500000 
4.100000 3.800000 
4.200000 3.200000 
4.300000 2.900000 
4.400000 3.400000 
4.500000 2.600000 
4.600000 2.300000 
4.700000 2.900000 
4.800000 1.924830 
4.900000 1.721110 
5.000000 2.500000 
5.100000 2.000000 
5.200000 1.300000 
5.300000 2.000000 
5.400000 1.800000 
5.500000 1.000000 
5.600000 1.521110 
5.700000 1.400000 
5.800000 0.700000 
5.900000 1.061680 
6.000000 1.000000 
6.100000 0.400000 
6.200000 0.685340 
6.300000 0.500000 
6.400000 0.003030 
6.500000 3.200000 
6.600000 4.788660 
6.700000 4.600000 
6.800000 4.400000 
6.900000 4.100000 
7.000000 4.300000 
7.100000 3.800000 
7.200000 3.500000 
7.300000 3.800000 
7.400000 3.200000 
7.500000 2.900000 
7.600000 3.400000 
7.700000 2.600000 
7.800000 2.321110 
7.900000 2.900000 
8.000000 1.903030 
8.100000 1.758650 
8.200000 2.500000 
8.300000 2.000000 
8.400000 1.300000 
8.500000 2.021110 
8.600000 1.800000 
8.700000 1.000000 
8.800000 1.558650 
8.900000 1.400000 
9.000000 0.700000 
9.100000 1.085630 
9.200000 1.000000 
9.300000 0.400000 
9.400000 0.698530 
9.500000 0.500000 
9.600000 0.003030 
9.700000 3.200000 
9.800000 4.761680 
9.900000 4.600000 
10.000000 4.400000 
10.100000 4.188660 
10.200000 4.300000 
10.300000 3.800000 
10.400000 3.500000 
10.500000 3.800000 
10.600000 3.200000 
10.700000 2.900000 
10.800000 3.400000 
10.900000 2.600000 
11.000000 2.321110 
11.100000 2.900000 
11.200000 1.903030 
11.300000 1.721110 
11.400000 2.500000 
11.500000 2.000000 
11.600000 1.300000 
11.700000 2.021110 
11.800000 1.800000 
11.900000 1.000000 
12.000000 1.558650 
12.100000 1.400000 
12.200000 0.700000 
12.300000 1.088660 
12.400000 1.000000 
12.500000 0.400000 
12.600000 0.698630 
12.700000 0.500000 
12.800000 0.000000 
12.900000 3.200000 
13.000000 4.788660 
13.100000 4.600000 
13.200000 4.400000 
13.300000 4.100000 
13.400000 4.300000 
13.500000 3.800000 
13.600000 3.500000 
13.700000 3.800000 
13.800000 3.200000 
13.900000 2.900000 
14.000000 3.400000 
14.100000 2.600000 
14.200000 2.321110 
14.300000 2.900000 
14.400000 2.000000 
14.500000 1.785630 
14.600000 2.421110 
14.700000 2.000000 
14.800000 1.300000 
14.900000 2.058650 
15.000000 1.800000 
15.100000 1.000000 
15.200000 1.585630 
15.300000 1.400000 
15.400000 0.700000 
15.500000 1.098530 
15.600000 1.000000 
15.700000 0.400000 
15.800000 0.700000 
15.900000 0.500000 
16.000000 0.000000 
16.100000 3.200000 
16.200000 4.788660 
16.300000 4.600000 
16.400000 4.400000 
16.500000 4.100000 
16.600000 4.300000 
16.700000 3.800000 
16.800000 3.500000 
16.900000 3.800000 
17.000000 3.200000 
17.100000 2.900000 
17.200000 3.400000 
17.300000 2.600000 
17.400000 2.321110 
17.500000 2.900000 
17.600000 2.000000 
17.700000 1.785630 
17.800000 2.421110 
17.900000 2.000000 
18.000000 1.300000 
18.100000 2.058650 
18.200000 1.800000 
18.300000 1.000000 
18.400000 1.585630 
18.500000 1.400000 
18.600000 0.700000 
18.700000 1.098630 
18.800000 1.000000 
18.900000 0.400000 
19.000000 0.700000 
19.100000 0.500000 
19.200000 0.000000 
19.300000 3.200000 
19.400000 4.788660 
19.500000 4.600000 
19.600000 4.399900 
19.700000 4.200100 
19.800000 4.300000 
19.900000 3.800000 
20.000000 3.500000 
20.100000 3.800000 
20.200000 3.200000 
20.300000 2.900000 
20.400000 3.400000 
20.500000 2.600000 
20.600000 2.321110 
20.700000 2.900000 
20.800000 2.000000 
20.900000 1.785630 
21.000000 2.421110 
21.100000 2.000000 
21.200000 1.300000 
21.300000 2.058650 
21.400000 1.800000 
21.500000 1.000000 
21.600000 1.585630 
21.700000 1.400000 
21.800000 0.700000 
21.900000 1.098630 
22.000000 1.000000 
22.100000 0.400000 
22.200000 0.700000 
22.300000 0.500000 
22.400000 0.000000 
22.500000 3.200000 
22.600000 4.788660 
22.700000 4.599900 
22.800000 4.400000 
22.900000 4.100000 
23.000000 4.300000 
23.100000 3.800000 
23.200000 3.500000 
23.300000 3.800000 
23.400000 3.200000 
23.500000 2.900000 
23.600000 3.400000 
23.700000 2.600000 
23.800000 2.358650 
23.900000 2.900000 
24.000000 2.000000 
24.100000 1.758650 
24.200000 2.421110 
24.300000 2.000000 
24.400000 1.300000 
24.500000 2.058650 
24.600000 1.800000 
24.700000 1.000000 
24.800000 1.585630 
24.900000 1.400000 
25.000000 0.700000 
25.100000 1.098630 
25.200000 1.000000 
25.300000 0.400000 
25.400000 0.700000 
25.500000 0.500000 
25.600000 0.000000 
25.700000 3.121110 
25.800000 4.821110 
25.900000 4.600000 
26.000000 4.358650 
26.100000 4.285630 
26.200000 4.300000 
26.300000 3.800000 
26.400000 3.648680 
26.500000 3.800000 
26.600000 3.199900 
26.700000 3.010260 
26.800000 3.400000 
26.900000 2.600000 
27.000000 2.388370 
27.100000 2.900000 
27.200000 2.000000 
27.300000 1.700000 
27.400000 2.500000 
27.500000 2.000000 
27.600000 1.300000 
27.700000 2.000000 
27.800000 1.800000 
27.900000 1.000000 
28.000000 1.550050 
28.100000 1.403030 
28.200000 0.700000 
28.300000 1.100000 
28.400000 1.000000 
28.500000 0.400000 
28.600000 0.600000 
28.700000 0.500000 
28.800000 0.100000 
28.900000 3.121110 
29.000000 4.858650 
29.100000 4.600000 
29.200000 4.321110 
29.300000 4.258650 
29.400000 4.300000 
29.500000 3.800000 
29.600000 3.648680 
29.700000 3.800000 
29.800000 3.200000 
29.900000 3.010560 
30.000000 3.400000 
30.100000 2.600000 
30.200000 2.388660 
30.300000 2.900000 
30.400000 2.000000 
30.500000 1.700000 
30.600000 2.500000 
30.700000 2.000000 
30.800000 1.300000 
30.900000 2.000000 
31.000000 1.800000 
31.100000 1.000000 
31.200000 1.524830 
31.300000 1.403030 
31.400000 0.700000 
31.500000 1.100000 
31.600000 1.000000 
31.700000 0.400000 
31.800000 0.600000 
31.900000 0.500000 
32.000000 0.100000 
32.100000 3.121110 
32.200000 4.821110 
32.300000 4.600000 
32.400000 4.358650 
32.500000 4.267250 
32.600000 4.300000 
32.700000 3.800000 
32.800000 3.649950 
32.900000 3.800000 
33.000000 3.200000 
33.100000 3.010260 
33.200000 3.400000 
33.300000 2.600000 
33.400000 2.388660 
33.500000 2.900000 
33.600000 2.000000 
33.700000 1.700000 
33.800000 2.500000 
33.900000 2.000000 
34.000000 1.300000 
34.100000 2.000000 
34.200000 1.800000 
34.300000 1.000000 
34.400000 1.524830 
34.500000 1.403230 
34.600000 0.700000 
34.700000 1.100000 
34.800000 1.000000 
34.900000 0.400000 
35.000000 0.600000 
35.100000 0.500000 
35.200000 0.100000 
35.300000 3.121110 
35.400000 4.821110 
35.500000 4.600000 
35.600000 4.358650 
35.700000 4.258650 
35.800000 4.300000 
35.900000 3.800000 
36.000000 3.648680 
36.100000 3.800000 
36.200000 3.200000 
36.300000 3.010360 
36.400000 3.400000 
36.500000 2.600000 
36.600000 2.388660 
36.700000 2.900000 
36.800000 2.000000 
36.900000 1.700000 
37.000000 2.500000 
37.100000 2.000000 
37.200000 1.300000 
37.300000 2.000000 
37.400000 1.800000 
37.500000 1.000000 
37.600000 1.524630 
37.700000 1.403030 
37.800000 0.700000 
37.900000 1.100000 
38.000000 1.000000 
38.100000 0.400000 
38.200000 0.600000 
38.300000 0.500000 
38.400000 0.100000 
38.500000 3.100000 
38.600000 4.858650 
38.700000 4.600000 
38.800000 4.358650 
38.900000 4.285530 
39.000000 4.300000 
39.100000 3.800000 
39.200000 3.648680 
39.300000 3.800000 
39.400000 3.200000 
39.500000 3.010460 
39.600000 3.400000 
39.700000 2.600000 
39.800000 2.388660 
39.900000 2.900000 
40.000000 2.000000 
40.100000 1.700000 
40.200000 2.500000 
40.300000 2.000000 
40.400000 1.300000 
40.500000 2.000000 
40.600000 1.800000 
40.700000 1.000000 
40.800000 1.524630 
40.900000 1.403030 
41.000000 0.700000 
41.100000 1.100000 
41.200000 0.999900 
41.300000 0.400000 
41.400000 0.600000 
41.500000 0.500000 
41.600000 0.100000 
41.700000 3.121110 
41.800000 4.821110 
41.900000 4.600000 
42.000000 4.321110 
42.100000 4.258650 
42.200000 4.300000 
42.300000 3.800000 
42.400000 3.680250 
42.500000 3.800000 
42.600000 3.200000 
42.700000 3.010460 
42.800000 3.400000 
42.900000 2.600000 
43.000000 2.388660 
43.100000 2.900000 
43.200000 2.000000 
43.300000 1.700000 
43.400000 2.500000 
43.500000 2.000000 
43.600000 1.300000 
43.700000 2.000000 
43.800000 1.800000 
43.900000 1.000000 
44.000000 1.524630 
44.100000 1.403030 
44.200000 0.700000 
44.300000 1.100000 
44.400000 1.000000 
44.500000 0.400000 
44.600000 0.600000 
44.700000 0.500000 
44.800000 0.100000 
44.900000 3.121110 
45.000000 4.821110 
45.100000 4.600000 
45.200000 4.321020 
45.300000 4.285630 
45.400000 4.300000 
45.500000 3.800000 
45.600000 3.648680 
45.700000 3.800000 
45.800000 3.200000 
45.900000 3.010460 
46.000000 3.400000 
46.100000 2.600000 
46.200000 2.388370 
46.300000 2.900000 
46.400000 2.000000 
46.500000 1.700000 
46.600000 2.500000 
46.700000 2.000000 
46.800000 1.300000 
46.900000 2.000000 
47.000000 1.800000 
47.100000 1.000000 
47.200000 1.524830 
47.300000 1.402930 
47.400000 0.700000 
47.500000 1.100000 
47.600000 1.000000 
47.700000 0.400000 
47.800000 0.600000 
47.900000 0.500000 
48.000000 0.100000 
48.100000 3.121110 
48.200000 4.821110 
48.300000 4.600000 
48.400000 4.358650 
48.500000 4.285630 
48.600000 4.300000 
48.700000 3.800000 
48.800000 3.680450 
48.900000 3.800000 
49.000000 3.200000 
49.100000 3.010260 
49.200000 3.400000 
49.300000 2.600000 
49.400000 2.388660 
49.500000 2.900000 
49.600000 2.000000 
49.700000 1.700000 
49.800000 2.500000 
49.900000 2.000000 
50.000000 1.300000 
50.100000 2.000000 
50.200000 1.800000 
50.300000 1.000000 
50.400000 1.550050 
50.500000 1.403030 
50.600000 0.700000 
50.700000 1.100000 
50.800000 1.000000 
50.900000 0.400000 
51.000000 0.600000 
51.100000 0.500000 
51.200000 0.081620 
51.300000 3.158650 
51.400000 4.858650 
51.500000 4.600000 
51.600000 4.385630 
51.700000 4.267250 
51.800000 4.300000 
51.900000 3.800000 
52.000000 3.610260 
52.100000 3.800000 
52.200000 3.200000 
52.300000 2.988660 
52.400000 3.400000 
52.500000 2.600000 
52.600000 2.400100 
52.700000 2.900000 
52.800000 1.981620 
52.900000 1.700000 
53.000000 2.500000 
53.100000 2.000000 
53.200000 1.300000 
53.300000 2.000000 
53.400000 1.800000 
53.500000 1.000000 
53.600000 1.503030 
53.700000 1.400000 
53.800000 0.700000 
53.900000 1.100000 
54.000000 1.000000 
54.100000 0.400000 
54.200000 0.621110 
54.300000 0.500000 
54.400000 0.081620 
54.500000 3.158650 
54.600000 4.858650 
54.700000 4.600000 
54.800000 4.385630 
54.900000 4.248680 
55.000000 4.300000 
55.100000 3.800000 
55.200000 3.650050 
55.300000 3.800000 
55.400000 3.200000 
55.500000 2.988660 
55.600000 3.400000 
55.700000 2.600000 
55.800000 2.300000 
55.900000 2.900000 
56.000000 1.981620 
56.100000 1.700000 
56.200000 2.500000 
56.300000 2.000000 
56.400000 1.300000 
56.500000 2.000000 
56.600000 1.800000 
56.700000 1.000000 
56.800000 1.503030 
56.900000 1.400000 
57.000000 0.700000 
57.100000 1.100000 
57.200000 1.000000 
57.300000 0.400000 
57.400000 0.621110 
57.500000 0.500000 
57.600000 0.081620 
57.700000 3.158650 
57.800000 4.858650 
57.900000 4.600000 
58.000000 4.385630 
58.100000 4.280250 
58.200000 4.300000 
58.300000 3.800000 
58.400000 3.610260 
58.500000 3.800000 
58.600000 3.200000 
58.700000 2.988660 
58.800000 3.400000 
58.900000 2.600000 
59.000000 2.300000 
59.100000 2.900000 
59.200000 1.981620 
59.300000 1.700000 
59.400000 2.500000 
59.500000 2.000000 
59.600000 1.300000 
59.700000 2.000000 
59.800000 1.800000 
59.900000 1.000000 
60.000000 1.503030 
