0.100000 5.000000 
0.200000 4.958650 
0.300000 4.885630 
0.400000 4.900000 
0.500000 4.800000 
0.600000 4.699610 
0.700000 4.700000 
0.800000 4.700000 
0.900000 4.585530 
1.000000 4.600000 
1.100000 4.458550 
1.200000 4.399320 
1.300000 4.400000 
1.400000 4.300000 
1.500000 4.299320 
1.600000 4.200000 
1.700000 4.266860 
1.800000 4.199610 
1.900000 4.100000 
2.000000 4.003030 
2.100000 3.999320 
2.200000 3.998630 
2.300000 3.896770 
2.400000 3.884160 
2.500000 4.000000 
2.600000 3.796680 
2.700000 3.757970 
2.800000 3.900000 
2.900000 3.596770 
3.000000 3.599320 
3.100000 3.700000 
3.200000 3.498730 
3.300000 3.400000 
3.400000 3.381230 
3.500000 3.601170 
3.600000 3.300000 
3.700000 3.200000 
3.800000 3.500000 
3.900000 3.100000 
4.000000 2.999900 
4.100000 3.400000 
4.200000 3.000000 
4.300000 2.900000 
4.400000 3.300000 
4.500000 2.800000 
4.600000 2.700000 
4.700000 3.200000 
4.800000 2.600000 
4.900000 2.500000 
5.000000 3.000000 
5.100000 2.500000 
5.200000 2.399900 
5.300000 2.900000 
5.400000 2.400000 
5.500000 2.297650 
5.600000 2.858650 
5.700000 2.500000 
5.800000 2.199320 
5.900000 2.700000 
6.000000 2.621110 
6.100000 1.999320 
6.200000 2.600000 
6.300000 2.600000 
6.400000 1.821600 
6.500000 1.900000 
6.600000 2.400680 
6.700000 2.200590 
6.800000 1.700000 
6.900000 2.300100 
7.000000 2.300000 
7.100000 1.500000 
7.200000 2.300000 
7.300000 2.158650 
7.400000 1.400000 
7.500000 2.100680 
7.600000 2.100000 
7.700000 1.200000 
7.800000 2.000290 
7.900000 1.900000 
8.000000 1.000000 
8.100000 1.901170 
8.200000 1.900000 
8.300000 0.900000 
8.400000 1.800680 
8.500000 1.700000 
8.600000 0.800000 
8.700000 1.624630 
8.800000 1.600000 
8.900000 0.900000 
9.000000 1.596970 
9.100000 1.500000 
9.200000 1.100000 
9.300000 1.298830 
9.400000 1.400000 
9.500000 1.200000 
9.600000 1.024340 
9.700000 1.200680 
9.800000 1.300000 
9.900000 0.601170 
10.000000 1.200000 
10.100000 1.100290 
10.200000 0.800000 
10.300000 1.000290 
10.400000 1.001170 
10.500000 0.900000 
10.600000 0.825320 
10.700000 0.804200 
10.800000 0.849850 
10.900000 0.800000 
11.000000 0.750240 
11.100000 0.724630 
11.200000 0.600000 
11.300000 0.700000 
11.400000 0.600000 
11.500000 0.300000 
11.600000 0.500290 
11.700000 0.500000 
11.800000 0.000000 
11.900000 0.400000 
12.000000 0.400000 
12.100000 0.000000 
12.200000 0.300000 
12.300000 0.200000 
12.400000 0.000000 
12.500000 0.200000 
12.600000 0.135680 
12.700000 0.000000 
12.800000 0.100000 
12.900000 5.000000 
13.000000 5.000000 
13.100000 4.900000 
13.200000 4.900000 
13.300000 4.800000 
13.400000 4.783870 
13.500000 4.700000 
13.600000 4.600000 
13.700000 4.599610 
13.800000 4.599900 
13.900000 4.500000 
14.000000 4.398630 
14.100000 4.400000 
14.200000 4.385630 
14.300000 4.379470 
14.400000 4.200000 
14.500000 4.200000 
14.600000 4.179570 
14.700000 4.100000 
14.800000 4.000000 
14.900000 3.896970 
15.000000 4.000000 
15.100000 3.897650 
15.200000 3.899710 
15.300000 4.000000 
15.400000 3.796870 
15.500000 3.696970 
15.600000 3.900000 
15.700000 3.597650 
15.800000 3.546820 
15.900000 3.700000 
16.000000 3.398830 
16.100000 3.400000 
16.200000 3.400000 
16.300000 3.600000 
16.400000 3.300000 
16.500000 3.200000 
16.600000 3.424140 
16.700000 3.100000 
16.800000 3.000000 
16.900000 3.400000 
17.000000 3.000000 
17.100000 2.900000 
17.200000 3.281230 
17.300000 2.800000 
17.400000 2.785530 
17.500000 3.200000 
17.600000 2.658550 
17.700000 2.600000 
17.800000 3.000000 
17.900000 2.500000 
18.000000 2.400000 
18.100000 3.000000 
18.200000 2.400000 
18.300000 2.296770 
18.400000 2.900000 
18.500000 2.500000 
18.600000 2.196970 
18.700000 2.700000 
18.800000 2.685630 
18.900000 1.999320 
19.000000 2.600000 
19.100000 2.600000 
19.200000 1.798440 
19.300000 1.900000 
19.400000 2.421310 
19.500000 2.200000 
19.600000 1.681230 
19.700000 2.300680 
19.800000 2.300000 
19.900000 1.499900 
20.000000 2.281230 
20.100000 2.185630 
20.200000 1.400000 
20.300000 2.100100 
20.400000 2.100000 
20.500000 1.200000 
20.600000 2.000000 
20.700000 1.900000 
20.800000 1.000000 
20.900000 1.900590 
21.000000 1.900000 
21.100000 0.900000 
21.200000 1.801470 
21.300000 1.700000 
21.400000 0.800000 
21.500000 1.603030 
21.600000 1.600000 
21.700000 0.900000 
21.800000 1.596870 
21.900000 1.500000 
22.000000 1.099900 
22.100000 1.296970 
22.200000 1.400000 
22.300000 1.200000 
22.400000 0.997650 
22.500000 1.201170 
22.600000 1.221510 
22.700000 0.685630 
22.800000 1.124730 
22.900000 1.100290 
23.000000 0.800000 
23.100000 1.000000 
23.200000 1.001170 
23.300000 0.900000 
23.400000 0.900290 
23.500000 0.800680 
23.600000 0.824630 
23.700000 0.800000 
23.800000 0.701170 
23.900000 0.703030 
24.000000 0.600000 
24.100000 0.700100 
24.200000 0.600000 
24.300000 0.300000 
24.400000 0.500100 
24.500000 0.500000 
24.600000 0.000000 
24.700000 0.400000 
24.800000 0.381230 
24.900000 0.000000 
25.000000 0.300000 
25.100000 0.200000 
25.200000 0.000000 
25.300000 0.200000 
25.400000 0.139880 
25.500000 0.000000 
25.600000 0.100000 
25.700000 5.000000 
25.800000 5.000000 
25.900000 4.898630 
26.000000 4.899900 
26.100000 4.800000 
26.200000 4.698340 
26.300000 4.700000 
26.400000 4.700000 
26.500000 4.557480 
26.600000 4.600000 
26.700000 4.400000 
26.800000 4.399610 
26.900000 4.400000 
27.000000 4.399900 
27.100000 4.299710 
27.200000 4.203030 
27.300000 4.200000 
27.400000 4.198730 
27.500000 4.100000 
27.600000 4.049950 
27.700000 3.999610 
27.800000 3.958650 
27.900000 3.898530 
28.000000 3.899320 
28.100000 4.000000 
28.200000 3.798830 
28.300000 3.697650 
28.400000 3.900000 
28.500000 3.599610 
28.600000 3.599320 
28.700000 3.699900 
28.800000 3.499710 
28.900000 3.400000 
29.000000 3.400000 
29.100000 3.600100 
29.200000 3.300000 
29.300000 3.200000 
29.400000 3.500000 
29.500000 3.100000 
29.600000 3.100000 
29.700000 3.400000 
29.800000 3.000000 
29.900000 2.821020 
30.000000 3.300000 
30.100000 2.800000 
30.200000 2.800000 
30.300000 3.200000 
30.400000 2.603030 
30.500000 2.621110 
30.600000 3.000000 
30.700000 2.500000 
30.800000 2.481230 
30.900000 2.900000 
31.000000 2.400000 
31.100000 2.299320 
31.200000 2.800000 
31.300000 2.500000 
31.400000 2.199710 
31.500000 2.708600 
31.600000 2.600000 
31.700000 1.999320 
31.800000 2.600000 
31.900000 2.558650 
32.000000 1.899320 
32.100000 1.900000 
32.200000 2.400290 
32.300000 2.200100 
32.400000 1.700000 
32.500000 2.400000 
32.600000 2.285630 
32.700000 1.500000 
32.800000 2.200590 
32.900000 2.200000 
33.000000 1.400000 
33.100000 2.086220 
33.200000 2.058650 
33.300000 1.200000 
33.400000 2.000680 
33.500000 1.900000 
33.600000 1.003030 
33.700000 1.881330 
33.800000 1.885630 
33.900000 0.900000 
34.000000 1.700000 
34.100000 1.721110 
34.200000 0.800000 
34.300000 1.700000 
34.400000 1.601560 
34.500000 0.900000 
34.600000 1.597650 
34.700000 1.500000 
34.800000 1.100000 
34.900000 1.299610 
35.000000 1.400000 
35.100000 1.200000 
35.200000 1.099320 
35.300000 1.300000 
35.400000 1.258650 
35.500000 0.600290 
35.600000 1.121110 
35.700000 1.100100 
35.800000 0.800000 
35.900000 1.001170 
36.000000 1.000000 
36.100000 0.899900 
36.200000 0.900000 
36.300000 0.899710 
36.400000 0.900000 
36.500000 0.800000 
36.600000 0.700290 
36.700000 0.785630 
36.800000 0.603030 
36.900000 0.600590 
37.000000 0.600000 
37.100000 0.300000 
37.200000 0.579860 
37.300000 0.500000 
37.400000 0.000000 
37.500000 0.400000 
37.600000 0.400000 
37.700000 0.000000 
37.800000 0.300000 
37.900000 0.200000 
38.000000 0.000000 
38.100000 0.158650 
38.200000 0.100000 
38.300000 0.000000 
38.400000 0.000000 
38.500000 4.999900 
38.600000 5.000000 
38.700000 4.898630 
38.800000 4.900000 
38.900000 4.800000 
39.000000 4.699320 
39.100000 4.700000 
39.200000 4.700000 
39.300000 4.557970 
39.400000 4.600000 
39.500000 4.399900 
39.600000 4.399320 
39.700000 4.400000 
39.800000 4.400000 
39.900000 4.298530 
40.000000 4.203030 
40.100000 4.200000 
40.200000 4.199320 
40.300000 4.100000 
40.400000 4.049950 
40.500000 3.999610 
40.600000 3.921210 
40.700000 3.899320 
40.800000 3.898340 
40.900000 4.000000 
41.000000 3.798340 
41.100000 3.696970 
41.200000 3.900000 
41.300000 3.599710 
41.400000 3.599710 
41.500000 3.700000 
41.600000 3.499710 
41.700000 3.400000 
41.800000 3.400000 
41.900000 3.600680 
42.000000 3.300000 
42.100000 3.199900 
42.200000 3.500000 
42.300000 3.100000 
42.400000 3.100000 
42.500000 3.400000 
42.600000 3.000000 
42.700000 2.800000 
42.800000 3.300000 
42.900000 2.800000 
43.000000 2.800000 
43.100000 3.200000 
43.200000 2.624830 
43.300000 2.621210 
43.400000 3.000000 
43.500000 2.500000 
43.600000 2.481230 
43.700000 2.900000 
43.800000 2.400000 
43.900000 2.299610 
44.000000 2.800000 
44.100000 2.500000 
44.200000 2.196970 
44.300000 2.708600 
44.400000 2.600000 
44.500000 1.999220 
44.600000 2.600000 
44.700000 2.585630 
44.800000 1.899610 
44.900000 1.900000 
45.000000 2.400000 
45.100000 2.200680 
45.200000 1.700000 
45.300000 2.400000 
45.400000 2.285630 
45.500000 1.500000 
45.600000 2.201370 
45.700000 2.200000 
45.800000 1.400000 
45.900000 2.100000 
46.000000 2.058650 
46.100000 1.200000 
46.200000 2.000880 
46.300000 1.900000 
46.400000 1.003030 
46.500000 1.900290 
46.600000 1.885630 
46.700000 0.900000 
46.800000 1.758750 
46.900000 1.700000 
47.000000 0.800000 
47.100000 1.700000 
47.200000 1.601660 
47.300000 0.900000 
47.400000 1.596770 
47.500000 1.500000 
47.600000 1.100000 
47.700000 1.299320 
47.800000 1.400000 
47.900000 1.200000 
48.000000 1.098830 
48.100000 1.300000 
48.200000 1.200290 
48.300000 0.600000 
48.400000 1.200290 
48.500000 1.100000 
48.600000 0.800000 
48.700000 1.001170 
48.800000 0.950540 
48.900000 0.900000 
49.000000 0.900000 
49.100000 0.886220 
49.200000 0.900000 
49.300000 0.800000 
49.400000 0.701170 
49.500000 0.785630 
49.600000 0.600000 
49.700000 0.600290 
49.800000 0.600000 
49.900000 0.300000 
50.000000 0.579860 
50.100000 0.500000 
50.200000 0.000000 
50.300000 0.400000 
50.400000 0.400000 
50.500000 0.000000 
50.600000 0.300000 
50.700000 0.200000 
50.800000 0.000000 
50.900000 0.158650 
51.000000 0.100000 
51.100000 0.000000 
51.200000 0.000000 
51.300000 5.000000 
51.400000 5.000000 
51.500000 4.900000 
51.600000 4.900000 
51.700000 4.800000 
51.800000 4.699320 
51.900000 4.700000 
52.000000 4.700000 
52.100000 4.583770 
52.200000 4.600000 
52.300000 4.399900 
52.400000 4.399220 
52.500000 4.400000 
52.600000 4.400000 
52.700000 4.296870 
52.800000 4.200000 
52.900000 4.258650 
53.000000 4.197650 
53.100000 4.100000 
53.200000 4.049950 
53.300000 3.999610 
53.400000 3.985830 
53.500000 3.899710 
53.600000 3.898830 
53.700000 4.000000 
53.800000 3.799320 
53.900000 3.699320 
54.000000 3.900000 
54.100000 3.598340 
54.200000 3.596970 
54.300000 3.700000 
54.400000 3.480940 
54.500000 3.399900 
54.600000 3.400000 
54.700000 3.601170 
54.800000 3.300000 
54.900000 3.200000 
55.000000 3.500000 
55.100000 3.100000 
55.200000 3.100000 
55.300000 3.400000 
55.400000 3.000000 
55.500000 2.800000 
55.600000 3.300000 
55.700000 2.800000 
55.800000 2.700000 
55.900000 3.200000 
56.000000 2.600000 
56.100000 2.621110 
56.200000 3.000000 
56.300000 2.500000 
56.400000 2.449950 
56.500000 2.900000 
56.600000 2.400000 
56.700000 2.299320 
56.800000 2.800000 
56.900000 2.500000 
57.000000 2.199610 
57.100000 2.688860 
57.200000 2.600000 
57.300000 1.998920 
57.400000 2.600000 
57.500000 2.585830 
57.600000 1.880550 
57.700000 1.900000 
57.800000 2.421310 
57.900000 2.200000 
58.000000 1.700000 
58.100000 2.301370 
58.200000 2.298630 
58.300000 1.500000 
58.400000 2.200590 
58.500000 2.200000 
58.600000 1.400000 
58.700000 2.100100 
58.800000 2.085630 
58.900000 1.199900 
59.000000 2.001270 
59.100000 1.900000 
59.200000 1.000000 
59.300000 1.800880 
59.400000 1.898830 
59.500000 0.900000 
59.600000 1.700000 
59.700000 1.721110 
59.800000 0.800000 
59.900000 1.700000 
60.000000 1.649850 
