0.100000 4.977420 
0.200000 4.900000 
0.300000 4.700000 
0.400000 4.700000 
0.500000 4.665690 
0.600000 4.500000 
0.700000 4.400000 
0.800000 4.261780 
0.900000 4.200000 
1.000000 4.124930 
1.100000 3.900000 
1.200000 3.900000 
1.300000 3.700000 
1.400000 3.700000 
1.500000 3.699900 
1.600000 3.500000 
1.700000 3.400000 
1.800000 3.501560 
1.900000 3.200000 
2.000000 3.100000 
2.100000 3.400000 
2.200000 2.900000 
2.300000 2.800000 
2.400000 3.200000 
2.500000 2.900000 
2.600000 2.561580 
2.700000 2.901760 
2.800000 2.800000 
2.900000 2.199900 
3.000000 2.699320 
3.100000 2.600000 
3.200000 1.800000 
3.300000 2.100000 
3.400000 2.403030 
3.500000 2.000000 
3.600000 1.500000 
3.700000 2.100880 
3.800000 1.900000 
3.900000 1.400000 
4.000000 1.903030 
4.100000 1.800000 
4.200000 1.300000 
4.300000 1.700590 
4.400000 1.600000 
4.500000 1.200000 
4.600000 1.500880 
4.700000 1.400000 
4.800000 1.100000 
4.900000 1.300000 
5.000000 1.200000 
5.100000 0.700000 
5.200000 1.000680 
5.300000 0.988270 
5.400000 0.500000 
5.500000 0.800000 
5.600000 0.700000 
5.700000 0.200000 
5.800000 0.600000 
5.900000 0.446730 
6.000000 0.000000 
6.100000 0.346040 
6.200000 0.300000 
6.300000 0.000000 
6.400000 0.099320 
6.500000 4.900000 
6.600000 4.900000 
6.700000 4.800000 
6.800000 4.700000 
6.900000 4.599320 
7.000000 4.500000 
7.100000 4.400000 
7.200000 4.300000 
7.300000 4.300000 
7.400000 4.100000 
7.500000 4.046430 
7.600000 4.000000 
7.700000 3.824930 
7.800000 3.699900 
7.900000 3.800000 
8.000000 3.500000 
8.100000 3.460410 
8.200000 3.600000 
8.300000 3.200000 
8.400000 3.100000 
8.500000 3.400000 
8.600000 2.900000 
8.700000 2.799710 
8.800000 3.200000 
8.900000 2.600000 
9.000000 2.499120 
9.100000 2.900000 
9.200000 2.300000 
9.300000 2.199710 
9.400000 2.700000 
9.500000 2.000000 
9.600000 1.899710 
9.700000 2.500000 
9.800000 2.400000 
9.900000 1.600000 
10.000000 2.000000 
10.100000 2.200000 
10.200000 1.300000 
10.300000 1.899320 
10.400000 1.999320 
10.500000 1.100000 
10.600000 1.699710 
10.700000 1.700000 
10.800000 1.099320 
10.900000 1.600000 
11.000000 1.500000 
11.100000 0.900000 
11.200000 1.377420 
11.300000 1.300000 
11.400000 0.900000 
11.500000 1.100000 
11.600000 1.000000 
11.700000 0.800000 
11.800000 0.899320 
11.900000 0.800000 
12.000000 0.700000 
12.100000 0.600000 
12.200000 0.600000 
12.300000 0.500000 
12.400000 0.400000 
12.500000 0.321510 
12.600000 0.261780 
12.700000 0.200000 
12.800000 0.100000 
12.900000 4.900000 
13.000000 4.800000 
13.100000 4.800000 
13.200000 4.765690 
13.300000 4.600000 
13.400000 4.488270 
13.500000 4.400000 
13.600000 4.300000 
13.700000 4.200000 
13.800000 4.063250 
13.900000 4.000000 
14.000000 3.900000 
14.100000 3.724930 
14.200000 3.699320 
14.300000 3.700000 
14.400000 3.500000 
14.500000 3.400000 
14.600000 3.500000 
14.700000 3.200000 
14.800000 3.100000 
14.900000 3.400000 
15.000000 2.900000 
15.100000 2.800000 
15.200000 3.146920 
15.300000 2.900000 
15.400000 2.565690 
15.500000 2.900000 
15.600000 2.800000 
15.700000 2.200000 
15.800000 2.700000 
15.900000 2.600000 
16.000000 1.800000 
16.100000 2.100000 
16.200000 2.401370 
16.300000 2.000000 
16.400000 1.500000 
16.500000 2.200290 
16.600000 1.900000 
16.700000 1.400000 
16.800000 1.902250 
16.900000 1.800000 
17.000000 1.300000 
17.100000 1.700680 
17.200000 1.600000 
17.300000 1.200000 
17.400000 1.500880 
17.500000 1.400000 
17.600000 1.000000 
17.700000 1.200000 
17.800000 1.200000 
17.900000 0.700000 
18.000000 1.000000 
18.100000 0.900000 
18.200000 0.446730 
18.300000 0.800000 
18.400000 0.700000 
18.500000 0.200000 
18.600000 0.600000 
18.700000 0.500000 
18.800000 0.000000 
18.900000 0.346730 
19.000000 0.300000 
19.100000 0.000000 
19.200000 0.000000 
19.300000 4.900000 
19.400000 4.946730 
19.500000 4.800000 
19.600000 4.700000 
19.700000 4.524240 
19.800000 4.500000 
19.900000 4.400000 
20.000000 4.300000 
20.100000 4.300000 
20.200000 4.100000 
20.300000 4.024830 
20.400000 4.000000 
20.500000 3.861780 
20.600000 3.698630 
20.700000 3.800000 
20.800000 3.500000 
20.900000 3.465590 
21.000000 3.600000 
21.100000 3.200000 
21.200000 3.099710 
21.300000 3.400000 
21.400000 2.900000 
21.500000 2.797850 
21.600000 3.200000 
21.700000 2.600000 
21.800000 2.499900 
21.900000 2.900000 
22.000000 2.300000 
22.100000 2.199120 
22.200000 2.700000 
22.300000 1.977220 
22.400000 1.899710 
22.500000 2.500000 
22.600000 2.400000 
22.700000 1.500000 
22.800000 1.999710 
22.900000 2.199900 
23.000000 1.300000 
23.100000 1.899900 
23.200000 2.000000 
23.300000 1.100000 
23.400000 1.700880 
23.500000 1.700000 
23.600000 1.024930 
23.700000 1.600000 
23.800000 1.500000 
23.900000 0.900000 
24.000000 1.300000 
24.100000 1.300000 
24.200000 0.900000 
24.300000 1.083090 
24.400000 1.000000 
24.500000 0.800000 
24.600000 0.900000 
24.700000 0.800000 
24.800000 0.700000 
24.900000 0.600000 
25.000000 0.600000 
25.100000 0.499320 
25.200000 0.400000 
25.300000 0.301560 
25.400000 0.200000 
25.500000 0.200000 
25.600000 0.100000 
25.700000 5.000000 
25.800000 4.889830 
25.900000 4.700000 
26.000000 4.700000 
26.100000 4.665690 
26.200000 4.500000 
26.300000 4.400000 
26.400000 4.288470 
26.500000 4.200000 
26.600000 4.124930 
26.700000 4.000000 
26.800000 3.900000 
26.900000 3.701660 
27.000000 3.700000 
27.100000 3.700000 
27.200000 3.500000 
27.300000 3.446730 
27.400000 3.577420 
27.500000 3.200000 
27.600000 3.100000 
27.700000 3.400000 
27.800000 2.900000 
27.900000 2.800000 
28.000000 3.200000 
28.100000 2.900000 
28.200000 2.500000 
28.300000 2.921210 
28.400000 2.800000 
28.500000 2.200000 
28.600000 2.700000 
28.700000 2.600000 
28.800000 1.800000 
28.900000 2.100000 
29.000000 2.400000 
29.100000 1.999320 
29.200000 1.500000 
29.300000 2.177420 
29.400000 1.900000 
29.500000 1.400000 
29.600000 1.977420 
29.700000 1.800000 
29.800000 1.300000 
29.900000 1.700680 
30.000000 1.600000 
30.100000 1.200000 
30.200000 1.500100 
30.300000 1.400000 
30.400000 1.001860 
30.500000 1.201470 
30.600000 1.200000 
30.700000 0.700000 
30.800000 1.000680 
30.900000 0.900000 
31.000000 0.500000 
31.100000 0.800000 
31.200000 0.700000 
31.300000 0.200000 
31.400000 0.600100 
31.500000 0.488270 
31.600000 0.000000 
31.700000 0.324930 
31.800000 0.200000 
31.900000 0.000000 
32.000000 0.061290 
32.100000 4.921510 
32.200000 4.899900 
32.300000 4.800000 
32.400000 4.700000 
32.500000 4.600000 
32.600000 4.500000 
32.700000 4.400000 
32.800000 4.299320 
32.900000 4.300000 
33.000000 4.100000 
33.100000 3.999710 
33.200000 4.000000 
33.300000 3.800000 
33.400000 3.699710 
33.500000 3.821510 
33.600000 3.424930 
33.700000 3.399710 
33.800000 3.600000 
33.900000 3.200000 
34.000000 3.124830 
34.100000 3.400000 
34.200000 2.861580 
34.300000 2.799710 
34.400000 3.200000 
34.500000 2.600000 
34.600000 2.499900 
34.700000 2.900000 
34.800000 2.300000 
34.900000 2.099900 
35.000000 2.700000 
35.100000 2.000000 
35.200000 1.899710 
35.300000 2.500000 
35.400000 2.400000 
35.500000 1.600000 
35.600000 1.999900 
35.700000 2.200000 
35.800000 1.300000 
35.900000 1.899710 
36.000000 2.000000 
36.100000 1.100000 
36.200000 1.800000 
36.300000 1.800000 
36.400000 1.000000 
36.500000 1.600000 
36.600000 1.500000 
36.700000 0.900000 
36.800000 1.400000 
36.900000 1.299320 
37.000000 0.899320 
37.100000 1.100000 
37.200000 1.000000 
37.300000 0.800000 
37.400000 0.801660 
37.500000 0.800000 
37.600000 0.700000 
37.700000 0.600000 
37.800000 0.600000 
37.900000 0.500000 
38.000000 0.400000 
38.100000 0.377420 
38.200000 0.300000 
38.300000 0.200000 
38.400000 0.100000 
38.500000 5.000000 
38.600000 4.800000 
38.700000 4.700000 
38.800000 4.700000 
38.900000 4.646730 
39.000000 4.500000 
39.100000 4.400000 
39.200000 4.288370 
39.300000 4.200000 
39.400000 4.100000 
39.500000 4.000000 
39.600000 3.900000 
39.700000 3.726590 
39.800000 3.700000 
39.900000 3.700000 
40.000000 3.500000 
40.100000 3.446730 
40.200000 3.577220 
40.300000 3.200000 
40.400000 3.100000 
40.500000 3.400000 
40.600000 2.900000 
40.700000 2.800000 
40.800000 3.200000 
40.900000 2.900000 
41.000000 2.500000 
41.100000 2.921410 
41.200000 2.800000 
41.300000 2.200000 
41.400000 2.700000 
41.500000 2.600000 
41.600000 1.800000 
41.700000 2.100000 
41.800000 2.402150 
41.900000 2.000000 
42.000000 1.500000 
42.100000 2.103030 
42.200000 1.900000 
42.300000 1.400000 
42.400000 1.903230 
42.500000 1.800000 
42.600000 1.300000 
42.700000 1.703420 
42.800000 1.600000 
42.900000 1.200000 
43.000000 1.500000 
43.100000 1.400000 
43.200000 1.001560 
43.300000 1.246730 
43.400000 1.200000 
43.500000 0.700000 
43.600000 1.000590 
43.700000 0.900000 
43.800000 0.500000 
43.900000 0.800000 
44.000000 0.700000 
44.100000 0.200000 
44.200000 0.600000 
44.300000 0.488370 
44.400000 0.000000 
44.500000 0.300000 
44.600000 0.200000 
44.700000 0.000000 
44.800000 0.000100 
44.900000 4.921510 
45.000000 4.899710 
45.100000 4.800000 
45.200000 4.700000 
45.300000 4.599320 
45.400000 4.500000 
45.500000 4.400000 
45.600000 4.298730 
45.700000 4.300000 
45.800000 4.100000 
45.900000 3.998630 
46.000000 4.000000 
46.100000 3.800000 
46.200000 3.700000 
46.300000 3.821510 
46.400000 3.424930 
46.500000 3.399900 
46.600000 3.600000 
46.700000 3.200000 
46.800000 3.099320 
46.900000 3.400000 
47.000000 2.861780 
47.100000 2.799320 
47.200000 3.200000 
47.300000 2.600000 
47.400000 2.498920 
47.500000 2.900000 
47.600000 2.300000 
47.700000 2.124830 
47.800000 2.700000 
47.900000 2.000000 
48.000000 1.899900 
48.100000 2.500000 
48.200000 2.400000 
48.300000 1.600000 
48.400000 1.999120 
48.500000 2.200000 
48.600000 1.300000 
48.700000 1.899710 
48.800000 1.900000 
48.900000 1.100000 
49.000000 1.800000 
49.100000 1.800000 
49.200000 1.000000 
49.300000 1.600000 
49.400000 1.500000 
49.500000 0.900000 
49.600000 1.300000 
49.700000 1.200000 
49.800000 0.899320 
49.900000 1.100000 
50.000000 1.000000 
50.100000 0.800000 
50.200000 0.801660 
50.300000 0.800000 
50.400000 0.700000 
50.500000 0.600000 
50.600000 0.600000 
50.700000 0.500000 
50.800000 0.400000 
50.900000 0.377220 
51.000000 0.300000 
51.100000 0.200000 
51.200000 0.100000 
51.300000 4.901470 
51.400000 4.800000 
51.500000 4.761580 
51.600000 4.700000 
51.700000 4.676730 
51.800000 4.500000 
51.900000 4.400000 
52.000000 4.224930 
52.100000 4.200000 
52.200000 4.124930 
52.300000 4.000000 
52.400000 3.899900 
52.500000 3.700000 
52.600000 3.700000 
52.700000 3.700000 
52.800000 3.499320 
52.900000 3.400000 
53.000000 3.546730 
53.100000 3.200000 
53.200000 3.100000 
53.300000 3.400000 
53.400000 2.900000 
53.500000 2.799900 
53.600000 3.200000 
53.700000 2.899320 
53.800000 2.500000 
53.900000 2.900000 
54.000000 2.800000 
54.100000 2.200000 
54.200000 2.700290 
54.300000 2.600000 
54.400000 1.861580 
54.500000 2.100000 
54.600000 2.401370 
54.700000 2.000000 
54.800000 1.500000 
54.900000 2.200000 
55.000000 1.900000 
55.100000 1.400000 
55.200000 1.901370 
55.300000 1.800000 
55.400000 1.300000 
55.500000 1.703030 
55.600000 1.600000 
55.700000 1.200000 
55.800000 1.500680 
55.900000 1.400000 
56.000000 1.077420 
56.100000 1.200590 
56.200000 1.200000 
56.300000 0.700000 
56.400000 1.061780 
56.500000 0.900000 
56.600000 0.500000 
56.700000 0.800000 
56.800000 0.700000 
56.900000 0.200000 
57.000000 0.600000 
57.100000 0.477420 
57.200000 0.000000 
57.300000 0.324930 
57.400000 0.299900 
57.500000 0.000000 
57.600000 0.088270 
57.700000 4.900000 
57.800000 4.900880 
57.900000 4.800000 
58.000000 4.700000 
58.100000 4.699320 
58.200000 4.500000 
58.300000 4.400000 
58.400000 4.288170 
58.500000 4.300000 
58.600000 4.100000 
58.700000 3.961780 
58.800000 4.000000 
58.900000 3.824930 
59.000000 3.699320 
59.100000 3.801660 
59.200000 3.424930 
59.300000 3.399710 
59.400000 3.600000 
59.500000 3.200000 
59.600000 3.161290 
59.700000 3.400000 
59.800000 2.888270 
59.900000 2.799320 
60.000000 3.200000 
