1.994819
1.720626
1.636364
2.378201
1.880352
1.800782
2.348387
1.876833
1.801466
2.267253
1.755523
1.681623
2.310557
1.798631
1.700880
2.380743
1.876931
1.798631
2.382698
1.880450
1.837732
2.309580
1.798729
1.753275
2.309286
1.779081
1.681427
2.379179
1.876833
1.779081
2.383773
1.906256
1.837732
2.309677
1.802933
1.754643
2.302150
1.779081
1.683187
2.378299
1.857283
1.750342
2.407820
1.906940
1.837732
2.329228
1.837732
1.779081
2.268719
1.754643
1.681329
2.351026
1.837732
1.721994
2.407331
1.907136
1.837732
2.329619
1.837732
1.779276
